0.81375	-0.555663
0.83714	-0.484161
-0.336769	-0.365167
-0.321521	-0.394546
-0.127154	-0.377398
0.182785	-0.14142
0.653525	0.409609
0.942943	0.625849
-0.0348856	-0.462227
0.374244	-0.585562
0.836103	-1.00684
0.871309	-0.820147
0.785679	-0.513885
0.900868	-0.39023
1.00301	-0.167674
1.00046	-0.115561
0.93549	-0.113143
1.01048	-0.325551
0.88969	-0.308719
0.9261	-0.415027
1.05439	-0.676392
0.981552	-0.585604
0.866265	-0.43613
0.793044	-0.427062
0.666273	-0.356847
0.612287	-0.280847
0.610248	-0.17717
0.725915	-0.20266
0.637372	-0.0559324
0.774698	-0.152371
0.802934	-0.289254
0.541292	-0.266886
0.57329	-0.0510505
0.939983	0.207413
0.973402	0.0726689
0.754802	0.048235
0.94181	-0.00917741
1.19169	-0.279762
0.953007	-0.927375
1.70292	-1.84858
1.48095	-1.50289
1.21762	-1.23477
1.27685	-1.35406
1.30093	-1.38843
1.61155	-1.85484
1.4191	-1.54678
1.41087	-1.44047
1.44763	-1.50547
0.962582	-0.727915
0.912508	-0.554185
0.60917	-0.758616
0.577061	-0.536614
0.284555	-0.185195
0.270222	-0.190229
0.244664	-0.161169
0.169716	-0.109859
0.00424145	-0.0304181
0.0777399	-0.276603
0.417147	-0.628743
0.995948	-1.21123
1.43462	-1.72769
1.78269	-2.21184
1.86026	-2.30677
1.88113	-2.31449
1.07457	-1.23356
0.636453	-0.336813
0.671121	0.362271
0.404417	0.577306
0.544558	0.593697
0.334455	0.464773
0.597292	0.831695
0.520665	0.640763
0.440232	0.0111794
0.109257	0.0406179
0.203571	0.118306
0.209301	0.11433
0.259688	-0.125065
0.0486424	0.516121
0.166368	0.581384
0.0150515	0.419118
0.404845	0.215551
0.813417	-0.0659817
0.579444	0.221503
0.466372	0.426505
0.475522	0.392384
0.437949	0.406432
0.559022	0.289041
0.485346	0.345051
0.539536	0.309859
0.579295	0.195087
0.619666	0.125584
0.440701	0.184416
0.804411	-0.153011
1.10858	-0.422319
1.05411	-0.324541
1.01604	-0.239291
1.01946	0.0191448
1.06347	-0.282503
1.04266	-0.421363
1.16522	-0.596409
1.06578	-0.482849
1.09935	-0.560831
0.954838	-0.329136
1.36493	-0.779618
1.14087	-0.570316
0.974558	-0.445098
1.0294	-0.665867
1.12863	-0.820285
0.979004	-0.511663
0.847108	-0.304265
0.579779	-0.435442
0.549261	-0.407764
0.445436	-0.117567
0.433672	0.082414
0.535491	0.435377
0.35849	0.207686
0.440266	0.307937
0.182546	0.186479
-0.121897	-0.0445371
-0.378444	0.0493799
-0.221526	0.122893
-0.33756	0.0888088
-0.027351	0.15085
-0.0424413	0.149431
0.184702	0.453278
-0.00288261	0.407002
0.210821	0.278574
0.0668848	0.379971
-0.13677	0.293584
0.0366502	0.177846
-0.247264	0.1127
-0.213429	-0.184392
0.0743338	0.436755
0.0595499	0.496769
-0.0864309	0.0866391
-0.0655405	0.10088
-0.15999	-0.285526
0.027003	-0.00516114
-0.137496	0.0889566
0.178287	-0.207034
-0.0951984	0.123244
-0.135647	-0.0171828
-0.0863035	-0.0122027
0.413859	-0.202794
0.139593	0.0784294
0.479961	0.0191878
0.560728	0.0649096
0.628915	-0.0996385
0.635688	-0.0280914
0.477303	-0.191207
0.736884	-0.279552
0.593446	-0.108351
0.366595	-0.187247
0.697269	-0.309605
0.85	-0.281717
1.02832	-0.46509
1.11544	-0.559243
1.03159	-0.375741
0.812545	-0.460237
1.22375	-0.7588
1.26122	-0.738355
1.26055	-0.78138
1.1159	-0.551655
1.13682	-0.41253
1.01361	-0.344766
1.34462	-0.59602
1.00486	-0.0524529
1.28867	-0.685074
1.42297	-0.854388
0.382292	0.460068
0.535686	0.694238
0.17659	0.64592
0.64425	0.287273
0.925119	-0.283983
0.685072	-0.051765
0.691258	-0.111323
0.851606	-0.472666
1.01723	-0.779746
0.918033	-0.48322
0.762176	-0.200595
0.949129	-0.529026
0.88387	-0.36137
0.991728	-0.433482
1.03859	-0.647633
0.783151	-0.282803
0.988471	-0.581494
0.991262	-0.482332
0.941726	-0.40978
0.979729	-0.523806
0.894023	-0.491582
0.875101	-0.698655
0.792931	-0.717848
1.01229	-0.90422
1.14128	-1.3615
1.02425	-1.24462
1.16364	-1.3022
1.29394	-1.21736
0.869222	-0.524637
0.551472	-0.173993
0.44066	-0.105515
0.339882	-0.123909
0.244381	-0.132967
0.338081	-0.0877817
0.211708	0.0127431
0.142744	0.0506901
0.146903	-0.103233
0.204338	0.000284641
1.33558	-0.559788
1.09078	-0.452593
1.16838	-0.586653
1.05059	-0.550376
1.14747	-0.694212
0.67196	0.00486411
0.477215	0.160754
0.58297	0.19731
0.785786	-0.0301209
0.770963	-0.100652
0.678604	-0.121738
0.647305	-0.412274
0.791216	-0.785286
0.834396	-0.882355
1.02378	-0.809535
0.926162	-0.243023
0.849771	-0.248894
0.865065	-0.52415
0.426765	0.15752
0.350891	0.319372
0.869991	0.913448
1.43521	1.54504
1.48008	1.64822
1.2004	0.694077
0.734781	-0.0814078
0.499657	0.0410451
0.555433	0.342315
0.672787	0.392667
0.670347	-0.257589
0.420456	-0.0160128
0.517772	-0.0409088
0.646198	-0.0675999
0.431944	-0.130537
0.261417	-0.187815
0.132614	-0.145583
0.0950959	-0.189051
0.199055	-0.221754
0.278433	-0.343933
0.301015	-0.311153
0.607953	-0.639427
0.97867	-0.662023
0.769726	-0.578524
1.11442	-0.862898
1.19306	-0.677464
-0.00422385	0.0241567
0.127367	-0.157406
0.221419	-0.462596
0.415724	-0.71599
0.901343	-1.16864
1.33426	-1.52852
1.96701	-1.86831
0.69872	-0.584723
0.333929	-0.155469
0.494799	0.243186
0.628357	0.436141
0.865795	0.804597
0.317048	0.345407
0.240224	0.325447
0.494866	0.28343
0.264825	0.155313
0.207997	-0.00441974
0.0967957	0.0577348
-0.0152956	0.212286
0.270195	0.210452
0.378019	-0.228979
1.07047	-0.83762
1.51248	-1.31757
1.4548	-1.30282
1.31086	-1.14618
1.09249	-0.891726
0.895498	-0.665894
0.804151	-0.573443
0.81952	-0.589749
0.865683	-0.607216
0.927194	-0.68657
0.978498	-0.717613
1.13959	-0.860508
1.11641	-0.717847
1.23265	-0.718585
1.3826	-0.941208
1.02954	-0.748501
1.32567	-1.12844
1.12329	-0.864947
1.13798	-0.966927
1.08311	-0.864015
1.24946	-1.02784
1.17753	-0.853784
0.69731	0.146995
0.388481	0.28934
1.23256	-0.422797
1.60391	-1.36135
2.22518	-2.37048
1.88912	-1.85931
2.33996	-2.3933
2.9004	-3.07353
2.78091	-2.84602
2.27238	-2.05725
1.74404	-1.40918
1.42814	-0.846293
1.57479	-1.0402
1.26507	-0.690042
1.56934	-0.999048
1.3342	-0.724749
1.25399	-0.793951
0.419706	0.398914
0.478116	0.138738
0.739439	-0.225336
0.453591	0.0386229
0.364396	-0.151411
0.296669	-0.290597
0.256048	-0.272231
0.249199	-0.256954
0.294064	-0.418733
0.320166	-0.463302
0.431848	-0.489471
0.610661	-0.576673
1.19948	-1.10634
1.25335	-0.893065
1.59365	-1.44068
0.98406	-0.808021
0.938699	-0.640436
0.988176	-0.555578
1.18812	-0.929901
0.649097	-0.0435372
0.767011	-0.310734
1.04886	-0.650651
1.38459	-1.05984
1.86138	-1.67311
2.23882	-2.27712
2.66367	-2.93603
2.47823	-2.70459
1.98861	-1.99985
0.416048	-0.160985
0.901833	-0.392558
2.04187	-1.83337
2.33961	-2.1441
0.820693	-0.454998
0.382436	-0.0549706
1.14878	-0.72899
0.763643	-0.351653
1.57275	-1.25074
1.43581	-1.14617
0.218674	-0.131031
0.284375	-0.295334
1.38126	-1.21212
1.63091	-1.53723
1.3192	-1.14209
1.2828	-1.19172
1.07338	-0.976193
1.03442	-0.952404
0.984194	-0.90305
1.07409	-1.07948
0.681139	-0.651293
0.720163	-0.807599
0.585829	-0.666416
-0.0038985	-0.349183
0.109573	-0.33299
0.678808	0.0273783
1.55401	1.25434
1.64481	1.27476
1.5589	1.16591
1.67773	1.24599
1.65398	1.33239
1.26599	0.862412
0.907188	0.190748
0.827032	0.19736
0.765713	0.0900994
0.691599	0.213216
0.69765	-0.425143
0.467342	-0.12842
0.225414	-0.00547569
-0.0911747	0.199824
-0.224798	0.184643
-0.245199	0.160315
-0.276305	0.142236
-0.249701	0.0511967
-0.0331966	0.065831
-0.091658	0.131479
-0.0540796	0.227263
0.505261	-0.0793504
0.688458	-0.256648
0.654338	-0.343092
0.753978	-0.416313
0.805293	-0.477634
0.720259	-0.436833
0.816661	-0.586478
0.79775	-0.599064
0.509946	-0.377522
-0.0359972	-0.0796006
-0.363927	0.0146105
-0.350591	-0.00185639
-0.177517	0.0211176
-0.209245	0.00666162
-0.293732	-0.025415
-0.0751169	-0.0984177
-0.052093	-0.156051
-0.227053	-0.397345
0.272386	-0.686877
0.49545	-1.01299
0.257351	-0.908355
0.158401	-0.906823
0.164838	-0.93668
0.179278	-0.933792
0.139826	-0.935767
0.140289	-0.91166
0.102716	-0.94584
0.111773	-0.974943
0.211925	-0.840108
0.613086	-0.996825
0.803751	-0.906005
0.705158	-0.749792
1.0064	-0.976108
0.573287	-0.522913
0.617046	-0.633509
0.437649	0.147602
0.438784	0.379002
0.24279	0.128181
0.626952	0.589477
0.849495	0.728371
1.75469	1.35275
1.54425	1.28944
1.4133	1.05666
1.48982	1.24389
1.55435	1.36299
1.23276	0.85835
1.38805	1.06739
0.866417	0.433116
0.834928	0.537422
0.791124	0.189197
0.886574	-0.262225
0.814128	-0.343325
0.892954	-0.223077
0.782746	-0.415673
0.668138	-0.705021
1.37769	-1.35513
1.19274	-1.19827
1.13652	-1.18885
1.17718	-1.26929
1.07832	-1.24143
1.3322	-1.46227
0.916379	-0.638158
0.405557	0.124296
0.181409	0.228577
0.123952	0.182679
0.0122855	0.251238
-0.169108	0.388088
-0.337191	0.505818
-0.568074	0.564158
-0.546133	0.564406
-0.609877	0.489626
-0.638099	0.438387
-0.455589	0.332483
-0.154819	0.352573
-0.183146	0.431603
-0.565738	0.51999
-0.54699	0.361908
-0.530008	0.280383
-0.576592	0.295164
-0.659432	0.359598
-0.688954	0.312249
-0.401451	0.32245
0.548131	-0.367067
0.354881	0.00585882
0.332688	0.099784
0.247894	0.16725
0.556036	-0.0430027
0.687179	-0.318984
0.589449	-0.202983
0.881188	-0.481873
1.14895	-0.83933
0.601174	-0.356467
1.06902	-0.761453
1.05389	-0.97552
0.984055	-0.691673
0.721812	-0.198861
0.779451	-0.348704
0.7498	-0.326892
0.955444	-0.689813
1.14376	-0.448894
0.859728	-0.605601
1.18639	-1.4678
0.927641	-1.21374
0.85824	-1.15707
0.919116	-1.25319
0.800559	-1.14342
0.772914	-1.09046
0.838675	-1.20879
0.879423	-1.25159
1.0676	-1.56019
1.09247	-1.43472
1.02146	-1.40677
1.22727	-1.77086
1.57868	-1.84356
1.45026	-1.65307
1.54295	-1.73447
1.45498	-1.36527
1.66856	-1.5831
1.46575	-1.16119
1.42539	-1.19773
1.47846	-1.16635
1.60441	-1.35612
1.54313	-1.20003
1.15322	-0.740462
1.38333	-0.931432
1.54946	-1.11282
1.34271	-0.740071
1.45015	-0.845991
1.26744	-0.796329
1.16534	-0.618079
1.31959	-0.891476
1.62366	-1.15744
1.16944	-0.706245
1.13402	-0.606258
1.36168	-0.751693
1.22063	-0.671361
1.24567	-0.617533
1.4859	-0.794723
0.913541	-0.310758
1.35277	-0.98868
1.11108	-0.586595
1.22098	-0.593567
0.862979	-0.284417
0.96795	-0.606357
1.33	-0.865389
0.909526	-0.488475
1.3298	-0.965205
1.24692	-0.905401
1.20816	-0.666896
1.20236	-0.680007
0.983089	-0.31389
1.17198	-0.552398
0.836432	-0.275958
0.937093	-0.403862
1.06407	-0.417997
0.91987	-0.33397
1.01251	-0.506512
1.00282	-0.248674
1.16623	-0.508798
1.25547	-0.709435
0.901897	-0.517155
1.07692	-0.696343
1.14208	-0.671754
1.15704	-0.585035
1.21387	-0.650381
1.06598	-0.412724
0.934163	-0.144923
1.13042	-0.481998
1.11638	-0.586809
1.42641	-1.07453
1.13417	-0.687843
1.11701	-0.323443
1.14525	-0.536131
1.33153	-0.713232
0.935558	-0.195012
1.14628	-0.380318
1.52962	-0.807405
1.1853	-0.532552
1.19951	-0.540369
1.48622	-0.585251
1.04752	-0.235673
1.01608	-0.339191
1.29871	-0.464108
1.37648	-0.585146
1.4698	-0.712734
1.46935	-0.574875
1.5083	-0.552323
1.46864	-0.694061
1.36696	-0.627004
1.50131	-0.716102
1.34444	-0.767385
1.37664	-0.938764
1.09927	-0.565773
1.08297	-0.618183
1.29978	-0.784891
1.08026	-0.578351
0.945847	-0.533857
0.745495	-0.190849
0.942061	-0.488771
0.647336	-0.225827
0.753173	-0.139847
0.877232	-0.385817
0.801517	-0.286107
0.915748	-0.38499
0.968621	-0.51395
0.881152	-0.571024
1.4121	-0.973076
1.37071	-0.89523
0.542241	-0.58596
-0.289449	-0.244598
-0.241497	-0.858975
-0.225865	-0.977544
-0.321533	-0.555218
0.446081	-0.710348
0.668416	-0.618599
0.813982	-0.601191
0.788483	-0.395987
0.826728	-0.394948
0.776003	-0.309693
0.936757	-0.367483
1.08926	-0.412496
1.72207	-1.30092
1.11091	-0.751032
0.969985	-0.435127
0.59817	0.0385852
0.504626	0.276063
0.279807	0.469626
0.292007	0.394609
0.347508	0.190795
0.577297	-0.204408
0.731716	-0.560564
0.850311	-0.448053
1.15949	-0.382327
0.491505	0.352177
0.321715	0.265937
0.349163	0.0340963
0.0799835	0.285945
0.383702	0.263216
0.408981	0.215489
0.59467	0.406409
0.807113	0.444754
0.517254	-0.00234013
0.346001	0.0432593
0.447567	-0.0497147
0.371186	-0.0440347
0.294842	0.0310646
0.454587	-0.141805
0.570119	-0.0505079
0.745742	-0.0584501
0.543713	-0.225747
0.425469	-0.0615147
0.502785	-0.157881
0.570403	-0.188119
0.503403	-0.131177
0.326011	-0.0545186
0.319065	-0.116194
0.908198	-0.677366
1.20065	-1.03518
1.04116	-0.481451
0.798856	-0.216099
0.957945	-0.319029
1.2513	-0.710376
1.28976	-0.718574
1.07682	-0.375166
1.33658	-0.283761
1.23882	-0.56952
0.974891	-0.621375
1.64261	-1.37972
1.46379	-1.06224
1.43454	-0.966223
1.72061	-1.43705
1.31692	-0.892859
1.62133	-1.25413
1.41358	-1.22244
0.274781	0.0951154
0.704047	-0.144343
1.05984	-0.544422
1.18694	-0.709742
1.35305	-0.787048
0.944941	-0.413354
1.15159	-0.665267
1.08199	-0.663954
0.929666	-0.67142
0.93796	-0.875014
1.08181	-1.22937
1.00347	-1.25029
0.846036	-1.2022
0.730434	-1.17765
0.834344	-1.31327
0.840429	-1.26995
0.893619	-1.244
0.855946	-1.0462
0.963273	-0.942729
1.38613	-1.22726
1.46138	-1.36387
1.01255	-1.02927
1.17892	-0.707855
0.959964	-0.476962
0.870046	-0.434499
0.91619	-0.487945
0.92032	-0.591414
1.03245	-0.75295
1.0319	-0.801026
0.846966	-0.747553
0.839047	-0.8863
1.02496	-1.16453
0.968383	-0.812757
1.1532	-1.04616
1.17828	-1.12442
1.01055	-0.775115
0.793438	-0.451505
0.390668	-0.0429201
0.287031	0.0915078
0.366159	-0.00550154
0.606397	0.137538
0.786271	0.37685
0.604406	0.49036
0.525278	0.0943323
0.544929	-0.119223
0.430209	-0.114368
0.695257	-0.321475
0.784176	-0.329872
0.77895	-0.219685
0.609687	0.0708366
0.737397	0.164288
0.556034	-0.308797
2.51613	-2.72424
2.10174	-2.12382
1.24123	-0.831394
1.68612	-1.87811
2.37357	-2.51845
2.62575	-2.90515
2.87171	-3.26231
2.89577	-3.17707
2.94248	-2.84976
2.35856	-1.78226
1.6115	-1.26208
1.68521	-1.08784
2.61013	-2.29963
3.65701	-3.74836
2.93655	-2.79429
2.81511	-3.00809
1.90699	-1.86928
1.06032	-0.820211
1.04506	-0.594489
0.804347	-0.181508
0.936661	-0.242885
1.23861	-0.577768
1.21139	-0.474428
1.28263	-0.672179
1.34104	-0.734151
1.22652	-0.578431
1.20268	-0.491816
0.93094	-0.0987467
0.865443	0.0212807
0.620448	0.283811
0.693112	-0.206236
0.52242	-0.34513
0.499408	-0.272365
0.704233	-0.311796
0.538203	-0.147754
0.847389	-0.298802
0.750261	-0.0492372
0.802862	-0.0171527
0.911277	0.103364
0.879293	0.0110692
1.13963	-0.248042
1.17326	-0.317142
1.11568	-0.260044
0.945946	-0.0531256
0.731949	0.11313
0.85104	-0.0754974
0.706653	0.0130693
0.659564	0.362142
0.274023	-0.0517023
0.802868	-0.484141
0.64034	-0.45624
0.517264	-0.176747
0.51028	-0.0319102
0.117411	0.565113
-0.198884	0.52186
-0.126774	0.190999
0.110193	0.26318
0.316224	0.185898
0.163168	0.361474
-0.0114133	0.0423553
0.0211773	0.167626
-0.051275	-0.018401
-0.248298	-0.0743578
-0.144574	0.132824
-0.0830452	0.318679
0.032064	0.326386
0.0837546	0.0186686
0.311525	0.0386575
0.227557	0.462932
0.59821	0.413054
0.335556	0.0660698
0.247595	0.174747
0.140198	0.0978799
0.543359	0.147278
0.212619	-0.110472
0.0730542	0.271934
0.215839	0.283944
0.3365	0.187183
0.313697	0.128104
0.0685811	0.189118
0.0493415	0.389357
-0.120383	0.276465
0.0494296	0.145438
-0.0126531	0.348064
0.0622315	0.401254
0.206904	0.325458
0.420064	0.111235
0.520388	-0.00517798
0.687446	-0.188801
0.734873	-0.159935
0.707663	-0.19273
0.755384	-0.284714
1.02012	-0.611731
0.788468	-0.404754
0.63296	-0.191231
1.01985	-0.750583
0.733427	-0.313551
0.499969	-0.0239735
0.736603	-0.394036
0.828961	-0.548477
0.767074	-0.46189
0.630873	-0.20902
0.839315	-0.413927
0.904212	-0.580765
0.699615	-0.171878
0.816635	-0.397572
0.810051	-0.535803
0.820521	-0.37891
1.25889	-0.49005
1.1046	-0.503092
0.776217	-0.246893
1.07178	-0.640766
1.18207	-0.684238
0.921358	-0.528086
0.858367	-0.311029
0.616684	-0.065719
0.932606	-0.401438
0.864299	-0.417238
0.806758	-0.330456
0.351577	0.259936
0.358626	0.376634
0.356218	0.254543
0.326416	0.455673
0.337231	0.493992
0.464327	0.29664
0.547718	0.512335
0.488513	0.54072
0.605092	0.363842
0.684613	0.387767
0.583016	0.294398
0.604458	0.326624
0.561895	0.209538
0.521463	0.101135
0.366791	0.150756
0.453163	-0.139594
0.476897	-0.866158
0.590772	-1.01301
0.489318	-0.901865
0.573431	-1.04307
0.398863	-0.930833
0.356534	-0.917739
0.270656	-0.764642
0.246746	-0.745953
0.254542	-0.795758
0.236444	-0.818349
0.271148	-0.790151
0.33774	-0.772517
0.315693	-0.596185
0.171166	-0.23999
0.0525105	0.0255073
-0.0535774	0.306469
0.0329943	0.161795
0.503278	-0.295681
0.841611	-0.570603
1.03495	-0.459225
0.912291	-0.30544
0.452932	-0.161521
0.452559	-0.16971
0.517306	-0.0829963
0.694222	-0.139272
0.791814	-0.0577998
0.846474	-0.0722158
0.701635	-0.072059
0.680975	-0.237159
1.20531	-1.03716
1.85931	-1.96144
1.87313	-2.13057
1.81982	-2.22698
1.56146	-1.98313
1.34225	-1.67948
1.34372	-1.38346
1.28902	-1.48545
0.890209	-0.993725
0.824911	-1.00232
0.986952	-1.09771
0.911337	-0.938748
0.805681	-0.852243
0.525765	-0.656634
0.490492	-0.7176
0.232276	-0.442677
-0.204477	-0.254505
-0.231647	-0.553096
0.149011	-0.34329
0.349794	-0.15985
0.663778	-0.0528995
0.0779222	-0.532838
-0.0231857	-0.393911
0.31049	-0.702981
0.297921	-0.799509
0.423693	-0.909537
0.536228	-0.986459
0.883334	-1.3166
0.742615	-1.03625
0.612989	-0.815872
0.649573	-0.813142
0.674782	-0.853218
0.700795	-1.04276
0.59477	-0.549355
1.00763	-1.06071
1.29135	-1.08455
1.23491	-1.06744
1.10804	-1.16473
1.30726	-1.05889
1.05139	-0.676883
0.782902	-0.73067
0.462841	-0.545276
0.466866	-0.548067
0.394101	-0.542978
0.372599	-0.54107
0.393121	-0.607938
0.441547	-0.76606
0.433556	-0.852356
0.267359	-0.690098
0.435799	-0.785437
0.760743	-1.07261
0.509456	-0.826057
0.684053	-0.859716
0.673237	-0.818267
0.856356	-0.94654
1.13366	-1.21474
1.03912	-0.893551
1.54713	-1.32012
1.21562	-0.747841
1.16125	-0.716921
1.2044	-0.948295
1.2921	-1.38002
1.36933	-1.66946
1.65763	-2.13001
1.57272	-1.92051
1.841	-2.18532
1.97253	-2.25988
1.85423	-1.82978
1.00663	-0.891009
0.462882	-0.51001
0.684096	-0.777256
0.747379	-0.840318
0.396579	-0.892274
0.250186	-0.921658
0.157411	-0.898976
0.187454	-0.868575
0.315083	-0.858826
0.443841	-0.830027
0.464631	-0.695571
0.610609	-0.821124
1.0217	-1.28083
0.810601	-1.01513
0.72907	-0.537655
0.739966	-0.682599
0.676505	-0.906574
0.790801	-0.838266
1.24784	-1.17954
1.02882	-0.972981
1.52957	-1.56554
1.32083	-1.28662
1.19802	-0.987659
0.809904	-0.456149
1.05253	-0.678189
1.22606	-1.16508
1.2621	-1.19209
0.590998	-0.162412
0.252174	0.0960419
-0.00191639	0.304895
0.283812	-0.0123073
0.247696	-0.215651
0.252713	-0.313784
0.270751	-0.584241
0.342464	-0.720239
0.372622	-0.773081
-0.0685104	-0.471726
0.238561	-0.595896
0.47541	-0.662811
0.366475	-0.328069
0.776151	-0.600419
0.838466	-0.680016
0.458504	-0.261094
0.428428	-0.336341
0.692086	0.117876
0.350227	0.367899
0.44762	0.417043
0.730708	0.570772
0.680748	0.362875
0.701511	0.557148
-0.0405504	-0.262328
0.705634	-1.03184
0.568359	-0.785444
0.516099	-0.783289
0.524139	-1.10337
0.543071	-0.959031
0.385016	-1.12719
0.425059	-1.16812
0.481444	-1.19636
0.383262	-1.02878
0.476312	-0.733739
0.537442	-0.646426
0.904742	-1.09864
0.899648	-1.08534
0.958844	-1.09666
1.13404	-1.45218
1.24965	-1.63623
0.903637	-0.957324
0.700063	-0.475406
0.480281	-0.148438
0.322721	0.0731478
0.333784	0.0702219
0.505106	-0.22241
1.02434	-0.563045
1.10751	-0.650793
1.22117	-0.903546
0.810002	-0.380795
0.885486	-0.410475
0.727063	-0.160048
0.75309	-0.193916
1.07172	-0.510712
2.27469	-2.29763
2.76763	-3.34099
2.18937	-2.73296
1.77877	-1.95496
1.47243	-1.15186
1.14342	-0.599457
1.33514	-0.750427
1.93896	-1.67757
2.07914	-1.77681
1.71391	-1.44431
1.44386	-1.21371
1.18022	-0.988202
1.23815	-1.16112
1.41223	-1.37086
1.81034	-1.9066
1.45695	-1.60604
1.56111	-1.75997
1.79566	-2.09409
1.31671	-1.33946
1.25855	-1.42747
1.24955	-1.32905
0.992526	-1.1581
1.06303	-1.16223
1.60699	-1.73373
1.19235	-1.2004
1.53484	-1.6176
1.3124	-1.50527
1.63709	-1.65242
1.63393	-1.58542
1.23407	-1.29137
1.16464	-1.35809
1.54966	-1.75326
1.0264	-1.14796
0.0911961	-0.391146
0.151823	-0.0638858
0.53527	-0.174362
0.587465	0.338215
0.291988	0.622866
0.653921	0.452434
0.669155	0.518309
0.658982	0.432811
0.871662	0.652721
0.81922	0.610458
0.911136	0.840333
0.470693	0.283613
0.636516	0.445367
0.721265	0.362111
0.430232	0.165512
0.412653	0.199753
0.59438	0.350658
0.351317	0.268031
0.204961	0.295046
0.292525	0.245503
0.413435	0.43912
0.218822	0.270456
0.132918	0.10689
0.404101	-0.0582056
0.525396	0.334321
0.293454	0.199445
0.203197	0.308139
0.347448	0.267022
0.17812	0.568327
-0.0171938	0.426197
-0.0303798	0.334189
0.0348773	0.354039
0.39552	-0.0603496
0.459161	-0.360696
0.515529	-0.212483
0.656658	-0.202172
0.556856	-0.0863901
0.921857	-0.621625
0.8853	-0.390407
0.875995	-0.426924
0.7078	-0.2917
1.10964	-0.727273
0.938115	-0.617232
1.15424	-0.623468
0.790993	-0.393423
0.720924	-0.202436
1.05471	-0.514893
0.952451	-0.384199
1.028	-0.593785
0.889525	-0.426154
0.896673	-0.340986
0.890161	-0.241122
0.721193	-0.242196
0.768236	-0.253593
0.78663	-0.240817
1.06489	-0.549001
0.837518	-0.353668
0.752542	-0.313526
0.918804	-0.605131
1.11627	-1.15781
0.948162	-0.71802
0.699032	-0.306975
0.577909	-0.265465
0.995986	-0.74329
0.855106	-0.515316
0.910921	-0.513001
0.706324	-0.119012
0.848228	-0.451733
1.10356	-0.0711256
1.45495	0.0564731
0.992328	-0.476341
0.636336	-0.763221
1.53082	-1.42909
1.58455	-1.37701
1.68448	-1.34389
1.7892	-1.39245
1.8464	-1.42765
1.53529	-1.15291
1.26495	-1.24131
1.20117	-1.13919
1.26326	-1.00143
1.25919	-0.731958
1.44478	-0.976877
1.52339	-1.14291
1.55312	-1.26711
1.22974	-1.02147
1.40464	-1.40514
1.02942	-0.994159
0.494255	-0.472269
-0.0665187	-0.145397
-0.129755	-0.0633609
-0.0704269	-0.283479
-0.0408148	-0.35638
0.0234518	-0.355893
-0.0286279	-0.364642
0.198749	-0.470245
0.317919	-0.658174
0.506597	-0.72629
0.516578	-0.756936
0.532468	-0.7147
0.529969	-0.517006
0.58501	-0.419753
0.767186	-0.59385
0.925272	-0.872326
0.895818	-0.855342
0.9421	-0.914168
1.06845	-1.03168
1.14196	-1.07299
1.11679	-1.00007
1.28886	-1.15516
1.53238	-1.34357
1.39007	-1.28801
1.168	-0.979681
1.33515	-1.37624
1.00962	-1.08304
1.40544	-1.30608
1.1328	-1.07957
0.474446	-0.623289
0.393043	-0.66289
0.241115	-0.73232
0.196988	-0.752233
0.230593	-0.795337
0.269027	-0.841038
0.289144	-0.94917
0.34158	-1.00517
0.575923	-1.08629
1.21803	-1.66635
1.1902	-1.47531
1.1402	-1.47661
1.03767	-1.3409
1.01492	-1.35874
0.798507	-1.09058
0.852855	-1.09636
1.02713	-1.26836
1.19678	-1.48762
1.25979	-1.53611
0.704651	-1.11863
0.592503	-1.0677
0.578177	-1.26181
0.369204	-1.18924
0.458203	-1.1429
0.467579	-1.08881
0.463622	-1.05602
0.365313	-0.989211
0.295934	-0.940156
0.221963	-0.917456
0.132584	-0.942251
0.00451222	-0.883636
-0.14181	-0.925464
-0.0902711	-0.946167
-0.137409	-0.902812
-0.175829	-0.840696
-0.0311085	-0.809595
0.106416	-0.77766
0.238201	-0.842758
0.326403	-0.796475
0.445743	-0.684423
0.614566	-0.474569
0.83521	-0.601959
0.912068	-0.469909
1.09009	-0.593314
0.988687	-0.677287
1.35865	-1.63423
1.11438	-1.35519
1.24462	-1.4659
1.40031	-1.62815
1.84498	-1.99772
1.4129	-1.43026
0.934356	-1.01315
0.917671	-0.762571
1.26081	-0.59329
1.12267	-0.698405
1.35015	-1.14802
1.09415	-0.836582
0.831254	-0.449919
0.779126	-0.508417
0.654279	-0.199678
0.679285	-0.207321
0.770154	-0.326257
0.941176	-0.534681
0.855091	-0.495771
0.828992	-0.564199
0.779153	-0.610753
0.749506	-0.678944
0.762518	-0.917088
0.883443	-1.28059
0.976931	-1.42974
1.1247	-1.61587
0.947117	-1.36774
1.19447	-1.66267
0.941387	-1.43353
0.849521	-1.40429
0.869294	-1.43951
0.761306	-1.32703
0.758064	-1.28163
0.68689	-1.18384
1.00947	-1.43765
1.32961	-1.52102
1.33125	-1.37281
0.974292	-0.989336
1.16356	-1.03718
1.08776	-0.903394
0.361131	0.0721713
0.710793	-0.166004
0.615214	-0.203582
0.737857	-0.0182662
0.126172	0.0265749
0.162487	-0.372456
0.124042	-0.466924
0.324121	-0.630421
0.323518	-0.551579
0.317005	-0.713932
0.288993	-0.670671
0.423569	-0.768693
0.714839	-1.01368
0.839376	-0.82707
0.878867	-0.917642
0.886573	-0.72635
0.639078	-0.616882
0.850044	-0.593202
0.702708	-0.675755
0.727992	-0.64514
1.02489	-0.927649
2.39023	-2.68709
2.76002	-2.87973
2.8147	-2.80867
2.39085	-2.03693
3.06282	-2.92446
2.92953	-2.67726
2.91089	-2.85235
3.27568	-3.78622
2.4235	-2.93684
2.09735	-2.57506
2.25108	-2.75626
2.69846	-3.32193
2.86595	-3.20519
1.76146	-1.28172
0.705116	-0.646408
0.325444	-0.467539
0.224231	-0.356965
0.113678	-0.462064
0.0351962	-0.228912
0.19468	-0.414956
0.0933693	-0.389049
0.107457	-0.507349
0.483247	-0.676188
0.818317	-1.06393
0.66168	-0.94135
0.597453	-0.873476
0.601421	-0.767818
0.614932	-0.59114
0.70559	-0.554478
0.844732	-0.654311
1.59933	-1.47351
1.90741	-1.83956
1.8372	-1.52198
1.21516	-0.751085
1.30426	-0.858366
1.39233	-1.33712
1.55708	-1.60865
1.26108	-1.40602
1.55727	-1.71963
1.25993	-1.38326
1.30701	-1.53483
1.08545	-1.19722
1.0868	-1.22657
1.34579	-1.5333
1.37152	-1.39698
1.44035	-1.53014
1.59348	-1.58533
1.5709	-1.55121
1.04037	-1.20249
1.49079	-1.69148
1.20828	-1.12283
1.13111	-1.23836
1.33343	-1.41418
1.48693	-1.61011
1.44989	-1.431
1.20498	-1.33504
1.24032	-1.3221
0.678352	-0.5447
0.47287	-0.155204
0.685979	-0.0373866
0.69957	-0.396732
0.493355	-0.293193
0.113848	-0.190741
-0.12928	-0.0171062
0.232861	0.162978
0.33793	0.181455
0.303105	-0.152273
-0.0106625	-0.0574831
0.137952	0.0920829
0.419981	0.17289
0.209108	0.17107
0.399101	0.182334
0.186015	0.00618432
0.223688	0.170445
0.175836	0.0482254
0.34547	-0.15102
0.382848	-0.0014642
0.334697	0.147609
0.146828	0.0699596
0.113892	0.0290067
0.167959	0.0405693
0.197157	-0.0310163
0.151496	-0.124334
0.320419	-0.0686434
0.283378	0.245645
0.369009	-0.105383
0.427588	-0.610632
0.517664	-0.549222
0.760707	-0.507379
0.704824	-0.320408
0.566966	-0.10909
0.612924	-0.348554
0.542509	-0.0839328
0.713357	-0.36765
0.610445	-0.551258
0.572406	-0.339261
0.489393	-0.197844
0.641453	-0.372491
0.83229	-0.486096
0.696917	-0.414684
0.80132	-0.50296
0.938826	-0.866548
0.801129	-0.278018
0.633713	-0.354323
0.882298	-0.473366
0.688863	-0.328817
0.805736	-0.331124
0.658502	-0.210521
0.731777	-0.417682
1.04659	-0.656628
0.93049	-0.400364
1.19175	-0.704439
1.00594	-0.438988
0.858716	-0.515423
1.05567	-0.654112
0.84296	-0.444209
0.848991	-0.699594
1.08179	-0.712033
1.08796	-0.665033
0.988874	-0.457247
0.935362	-0.460596
0.944656	-0.443863
0.852732	-0.417726
1.0813	-0.493101
0.927867	-0.465842
0.648251	-0.278633
1.4259	-0.904232
0.84407	-0.424671
0.783089	-0.472548
1.03845	-0.413425
1.2293	-0.795185
1.17325	-0.924585
1.20342	-0.981145
1.29049	-1.23096
1.18833	-1.36127
0.784746	-0.675602
0.70746	-0.312275
0.548192	-0.0281228
0.458944	0.0843456
0.377728	0.0809509
0.417094	-0.112425
0.359644	-0.250464
0.321029	-0.367785
0.223827	-0.462088
0.116284	-0.552482
0.202741	-0.678935
0.298819	-0.715119
0.387072	-0.715379
0.539589	-0.707736
0.609172	-0.635534
0.71865	-0.61109
0.841209	-0.625154
1.04412	-0.680397
1.2989	-0.85864
1.30674	-0.773711
1.47722	-0.937216
1.17178	-0.690325
0.57266	0.0976752
0.960425	-0.212756
1.42946	-0.665918
1.2849	-0.660241
1.27204	-0.538557
1.60918	-0.913245
1.79366	-1.10957
1.69964	-1.08535
1.76907	-1.3366
1.75744	-1.50203
1.72655	-1.43479
1.78043	-1.63071
1.57546	-1.21424
1.49926	-1.11678
1.49214	-1.08152
1.4983	-0.983158
1.74122	-1.22048
1.18367	-0.682884
1.2026	-0.699526
0.983001	-0.423982
1.11944	-0.501759
1.26822	-0.728338
1.29666	-0.7302
1.46973	-0.936886
1.11958	-0.373348
0.477182	0.237121
0.367322	0.0124944
0.270964	0.226913
0.520868	0.377834
0.717048	0.0826043
0.381452	0.242267
0.463342	0.322282
0.836968	0.135586
0.477821	0.242291
0.869859	-0.0726243
0.920623	-0.0623753
0.899509	-0.0835702
1.09082	-0.380302
1.28681	-0.607672
1.49926	-0.872914
2.06818	-1.81355
1.93989	-1.55465
1.8389	-1.47761
1.67683	-1.41145
1.57506	-1.31343
1.93031	-1.76069
1.90565	-1.80355
1.07618	-0.712907
0.918161	-0.50024
0.894004	-0.356414
0.671506	-0.10855
0.824298	-0.471282
0.606412	-0.0320437
0.593419	0.0524313
0.869078	-0.394665
0.812092	-0.302177
0.702279	0.00109771
1.04585	-0.496309
0.689435	-0.0794021
0.672955	-0.333564
0.900618	-0.672672
0.819686	-0.420657
0.614318	-0.243256
0.903765	-0.49955
0.532175	-0.19323
0.543519	-0.275557
0.9051	-0.548161
0.98708	-0.600868
1.10153	-0.754808
1.00547	-0.690845
0.870152	-0.659536
1.01305	-0.817286
0.841185	-0.55445
1.09948	-0.876041
0.894063	-0.539409
0.78052	-0.46708
0.864918	-0.552172
0.74385	-0.425307
0.858083	-0.511774
0.958466	-0.562918
1.01587	-0.69819
0.894137	-0.571787
0.977872	-0.766391
1.00169	-0.705848
0.935355	-0.711137
0.98694	-0.65629
1.20453	-1.08499
0.921362	-0.590659
0.8445	-0.424512
0.92969	-0.485674
0.962076	-0.808737
0.695547	-0.458678
0.949568	-0.471258
1.10507	-0.533993
0.922762	-0.264258
1.23769	-0.650203
1.13252	-0.55882
0.0462949	0.283905
0.37089	0.147006
1.09504	-0.693297
0.880598	-0.328025
1.08813	-0.560926
1.18319	-0.799309
0.963597	-0.474471
1.19704	-0.613745
0.971341	-0.399764
0.811928	-0.612884
1.05034	-0.386269
0.659977	-0.380923
0.806097	-0.427641
1.03216	-0.529584
0.836575	-0.354692
0.559543	-0.254718
0.480981	-0.16953
0.613374	-0.273851
0.637651	-0.248725
0.685329	-0.113581
0.208191	-0.252206
0.417387	-0.250865
0.546615	-0.366554
0.551049	-0.215333
0.802998	-0.469007
0.785708	-0.538746
0.532139	-0.605539
0.0733198	-0.615636
-0.126193	-0.793812
0.00633347	-0.851043
-0.00101226	-0.634096
0.00121832	-0.75627
-0.0604872	-0.979268
0.0484093	-1.04561
0.592953	-1.24539
0.667412	-0.970003
0.441667	-0.746061
0.428701	-0.779023
0.507535	-0.958204
0.76026	-1.27331
1.07328	-0.999278
1.14805	-1.00649
0.486493	-0.711224
0.466339	-0.568259
0.534166	-0.583474
1.08565	0.386355
1.1415	0.0306454
1.06257	-0.562989
0.74634	-0.680801
1.15692	-1.3529
1.51521	-1.6892
2.22077	-2.13323
2.14273	-1.72844
2.49204	-1.86221
2.35474	-1.44614
2.62774	-2.01178
3.05994	-3.42766
2.23343	-2.68228
1.74279	-2.05611
1.2102	-1.29131
1.40105	-1.58852
1.63828	-1.97529
1.80776	-2.22653
1.99629	-2.29913
2.7014	-3.11937
1.76044	-1.7531
0.913815	-0.799169
0.0740438	-0.222268
0.235651	-0.45184
-0.300112	0.111284
-0.302305	0.073827
-0.374144	0.0658333
0.185614	-0.109509
-0.0193465	-0.0103454
0.31347	-0.21359
0.732628	-0.673871
0.933955	-0.954278
0.865761	-0.891875
0.673371	-0.762447
0.558461	-0.737856
0.639054	-0.779742
0.643377	-0.65463
0.630237	-0.668609
0.518096	-0.612691
0.491933	-0.632947
0.437496	-0.65313
0.385258	-0.604119
0.19148	-0.23236
0.223739	-0.266673
0.256566	-0.278171
0.256596	-0.261766
0.208906	-0.185723
0.125156	-0.0517154
0.0698305	0.0320349
0.38626	-0.440651
0.513651	-0.540307
0.636814	-0.564383
0.677615	-0.398236
0.876796	-0.534515
0.982172	-0.68931
1.18789	-0.929771
0.351989	0.0296598
-0.0310538	-0.0641458
0.117779	0.15063
0.115339	0.238813
0.592671	0.447233
0.517111	0.354933
0.542225	0.204739
0.708465	0.546137
0.744784	0.425741
0.840609	0.484585
0.948329	0.121021
0.876111	0.163245
0.855171	0.473614
0.819394	-0.487764
1.13121	-0.553976
0.970625	-0.438584
0.877656	-0.469655
0.68069	-0.421768
0.59574	-0.470513
0.500293	-0.675624
0.322755	-0.691691
0.173819	-0.642171
0.209316	-0.663303
0.227564	-0.718358
0.29164	-0.709797
0.332588	-0.704091
0.4509	-0.60471
0.569161	-0.387857
0.622655	-0.196102
0.59503	0.0210027
0.484764	0.161596
0.229495	-0.0785625
0.365643	-0.188619
0.354181	-0.163572
0.224003	-0.135444
0.176387	-0.232127
0.22611	-0.301157
0.234755	-0.348836
0.340059	-0.440841
0.695196	-0.537535
1.20416	-0.968655
1.14548	-0.906544
0.777801	-0.32979
0.450161	0.405472
0.486268	0.367334
0.811336	0.17828
0.789284	0.158487
0.552736	0.387608
0.571043	0.353926
0.629047	0.345721
0.797034	0.181297
0.863603	0.118516
0.891715	0.0574018
1.00219	-0.105931
1.09765	-0.306417
1.16685	-0.47695
1.00727	-0.320199
0.728736	-0.122659
0.520599	0.0350438
0.478076	0.0657083
0.409616	0.124927
0.479113	0.0689864
0.510667	0.0744891
0.63815	0.0339963
0.774975	-0.0748034
0.806919	-0.0480725
0.837355	-0.0478246
0.837972	-0.0175338
0.894485	-0.0847298
0.932534	-0.174513
1.13747	-0.447883
1.31982	-0.715387
1.45272	-0.94217
1.40589	-0.922587
1.60962	-1.20339
1.67566	-1.33927
1.74397	-1.58108
1.70811	-1.55914
1.4142	-1.31843
1.23172	-1.24337
1.25318	-1.37293
1.00964	-1.08991
1.15364	-1.35065
0.866486	-0.907682
0.793285	-0.881434
0.852072	-1.0463
1.09482	-1.25407
1.49824	-1.69398
0.573947	-0.655633
-0.000423839	-0.200165
0.269691	0.145186
0.522503	0.139717
0.50213	0.229501
0.457311	0.047038
0.635414	0.191335
0.479106	0.313924
0.567743	0.253215
0.458874	0.358387
0.473736	0.157056
0.522806	0.172766
0.5373	0.260585
0.881145	0.379419
0.833305	0.508852
0.999173	0.853332
0.69838	0.0925045
1.39146	-1.30979
1.69664	-1.67067
1.62543	-1.5741
1.38201	-1.20534
1.02983	-0.689871
0.952058	-0.589945
0.877656	-0.547346
0.787486	-0.439724
0.854146	-0.52121
0.878663	-0.529901
0.908444	-0.517934
0.840411	-0.40446
0.917431	-0.392454
1.01718	-0.550847
1.18917	-0.827494
0.588464	-0.0357473
0.486156	0.0283994
1.3251	-1.09725
1.46522	-0.904334
0.943825	-0.519016
1.4389	-0.625503
1.44269	-1.06405
1.14952	-0.641867
1.20919	-0.806172
0.967342	-0.560962
1.17851	-0.912633
0.981307	-0.495883
0.742341	-0.0493061
0.796417	-0.365937
0.895691	-0.394478
1.00208	-0.583821
0.936789	-0.429611
0.894031	-0.474969
1.25364	-0.778646
1.07527	-0.729233
1.23907	-0.854631
0.70278	-0.0941016
0.848317	-0.412919
0.860063	-0.373671
1.00948	-0.391738
1.03163	-0.585095
0.915802	-0.324753
1.05701	-0.62239
0.990879	-0.744704
0.840754	-0.280059
1.14274	-0.738444
0.82238	-0.464698
0.982568	-0.401074
1.06807	-0.57905
1.03961	-0.625978
0.969421	-0.452858
1.26278	-0.75524
0.648966	-0.178231
0.819173	-0.334776
0.960885	-0.415922
0.875009	-0.0627869
1.10258	-0.206982
0.989766	-0.109449
0.969563	-0.285485
1.24693	-0.923264
1.65255	-1.64557
1.30747	-1.04862
1.59995	-1.5751
1.52227	-0.734803
0.967697	-0.748903
0.786146	-0.791678
1.09892	-0.619101
1.03072	-0.480389
1.02163	-0.404971
1.26374	-0.861522
0.97254	-0.330036
0.827332	-0.264035
0.609284	0.332496
0.66995	-0.242994
2.15298	-1.68011
2.99596	-3.32201
3.23444	-3.46397
1.78308	-1.30513
2.31476	-2.16405
3.14548	-3.42564
3.96082	-4.70563
3.62007	-4.176
3.30775	-3.7875
3.02333	-3.43452
2.80802	-3.18888
3.22435	-3.89556
3.56897	-4.2316
2.81581	-2.66137
2.72235	-2.5426
2.01305	-1.76713
1.31931	-1.00823
0.725931	-0.407153
0.567891	-0.158629
0.798646	-0.221611
0.904621	-0.345419
0.852792	-0.312891
0.695768	-0.14956
0.587804	-0.10204
0.601284	-0.110415
0.334214	-0.245932
0.392136	-0.253698
0.510892	-0.320208
0.430901	-0.261235
0.57877	-0.214692
0.637915	-0.0444322
0.660465	-0.0628321
0.859799	-0.319253
1.44215	-1.01442
1.60416	-1.08505
0.107685	0.228128
0.154888	0.205625
0.373125	0.174422
0.365268	0.0638194
0.62492	-0.0461041
0.820289	-0.103522
0.849347	-0.372614
1.09783	-0.629173
0.70079	0.122754
0.912495	0.0437214
0.74509	-0.145285
1.67931	-1.5826
1.51398	-1.39404
0.996133	-0.661209
0.855458	-0.521247
0.893096	-0.659527
0.840703	-0.778903
1.08414	-1.32068
0.762395	-0.777293
1.27151	-0.97519
0.974201	-0.528535
1.18385	-0.745444
0.849643	-0.572079
1.13802	-1.20857
1.71681	-1.96493
1.38034	-1.55137
0.866861	-1.04274
0.874333	-1.05021
0.641267	-0.827996
0.436757	-0.84812
0.34477	-0.958147
0.266816	-1.01402
0.342545	-1.08554
0.631275	-1.20061
0.690226	-0.996106
0.904948	-1.28852
1.07519	-1.04094
0.625662	-0.584905
0.722599	-0.757295
0.713921	-0.471642
1.3629	0.537409
1.25517	0.198197
0.442327	0.209488
0.539907	0.354765
0.759483	0.646786
0.559816	0.454639
0.49133	0.225299
0.433773	0.451587
0.452477	0.255693
0.262098	0.068027
-0.0486068	0.0570436
0.857871	-0.554447
0.404338	-0.329534
0.65137	-0.53059
0.990367	-0.69206
1.03003	-0.554342
0.645563	-0.315605
1.00074	-0.506961
0.78747	-0.350104
0.994107	-0.600716
1.72358	-1.37109
1.51698	-1.08813
1.402	-0.904265
1.1152	-0.467219
1.24899	-0.669496
1.20701	-0.788324
1.07266	-0.720387
0.875851	-0.595601
1.09716	-0.85551
1.30232	-1.13132
1.0701	-0.564114
1.04424	-0.451378
1.11883	-0.495271
1.41413	-0.591737
1.69364	-1.62709
1.1107	-0.914814
1.13137	-0.838868
1.04304	-0.605654
1.28163	-0.933691
1.598	-1.39319
2.20323	-2.15264
1.47372	-1.31299
0.160052	-0.131677
0.239384	0.0166462
0.711716	0.430051
0.682495	0.451478
0.498042	0.259005
0.750124	0.0113951
0.519624	0.0735569
0.486	-0.14001
0.89811	-0.486244
1.37901	-0.826801
1.35616	-1.0616
0.928933	-0.518427
1.08626	-0.495219
0.889505	-0.305804
1.36923	-1.03195
1.53105	-1.18722
1.42847	-1.04341
1.22022	-0.718002
1.13615	-0.682912
1.04142	-0.570931
0.934897	-0.415406
0.949537	-0.52945
1.04398	-0.786571
1.00342	-0.873613
1.19967	-1.28121
1.16173	-1.21593
1.26925	-1.32577
1.27741	-1.30441
1.83284	-1.64913
1.30543	-0.982265
0.690509	-0.625946
0.652269	0.0802417
0.335735	0.300907
0.0684971	0.45252
0.492011	0.368494
0.347135	0.226365
0.766571	0.601172
0.985001	0.696506
0.825098	0.413963
0.953546	0.32753
1.02038	0.403346
0.708727	-0.662538
2.66772	-2.83536
2.71109	-2.90243
2.63037	-2.47597
2.10369	-1.55828
1.27859	-0.811556
1.21754	-1.13242
0.950789	-1.05589
0.455883	-0.263444
0.959614	-0.489329
0.957461	-0.273632
0.655612	-0.246746
0.797648	-0.141256
0.693634	0.271749
0.563535	-0.197243
0.510445	-0.731428
0.418211	-0.705424
0.397479	-0.627529
0.478969	-0.580181
0.58155	-0.559024
0.558448	-0.382672
0.619265	-0.292185
0.630313	-0.174813
0.787567	-0.222325
0.822436	-0.105036
0.934393	-0.0943855
0.856852	0.0456968
0.902861	-0.000311742
1.06239	-0.216906
0.923358	-0.244898
0.786974	-0.343389
0.960666	-0.572019
1.40533	-0.927403
0.933705	-0.737305
0.732327	-0.539723
0.713502	-0.463602
0.69616	-0.512437
0.770203	-0.480345
0.612168	-0.35155
0.679028	-0.374201
0.752914	-0.054333
0.596249	0.244346
0.67396	0.228267
0.762654	0.175516
0.849374	0.0576676
1.03907	-0.263388
1.05048	-0.235367
0.961296	-0.142838
0.956903	-0.318895
0.973986	-0.563676
0.895031	-0.725416
1.10686	-0.780439
1.16114	-0.61767
0.962122	-0.392745
1.20605	-0.445155
1.19889	-0.533937
0.986969	-0.315117
0.91131	-0.164837
1.03051	-0.319845
1.29101	-0.717465
1.52208	-0.810082
1.18445	-0.640154
0.357325	-0.0478514
0.537798	0.0966063
0.219955	-0.0415239
0.880819	-0.434039
0.90473	-0.525706
0.875572	-0.46214
0.557574	0.115885
0.61829	0.117004
0.184226	0.326062
0.409797	0.3854
0.992728	0.777684
1.39448	1.03805
1.29547	0.78677
1.52863	0.918955
1.76459	1.54482
1.47643	1.09328
1.57992	1.10051
1.45007	0.952751
1.46814	1.00492
1.02882	0.525356
1.03275	0.537017
0.936991	0.371439
1.06977	0.391648
1.0285	0.45553
0.894367	0.265422
0.901629	0.352128
0.450585	-0.0328039
0.568656	-0.125424
0.706511	0.108046
0.586775	-0.159265
0.501754	-0.167989
0.552964	-0.169282
0.27163	-0.0627835
0.500099	-0.0175059
0.507689	-0.169868
0.39907	-0.0684602
0.516958	-0.0604899
0.682145	-0.496099
0.742422	-0.271891
0.757058	-0.19295
0.857041	-0.355123
0.870732	-0.417189
0.752963	-0.279216
0.7294	-0.336265
0.807085	-0.320234
0.656091	-0.375265
1.10521	-0.72748
0.973157	-0.531048
0.94421	-0.484712
1.00032	-0.350911
0.785614	-0.464334
0.756037	-0.0737161
0.555927	-0.250025
0.869124	-0.299097
0.927534	-0.395539
0.396152	-0.203619
0.273426	-0.109869
0.702313	-0.256034
0.55533	-0.26666
1.06542	-0.572451
0.955986	-0.495123
1.09528	-0.583194
0.739093	-0.37157
0.866777	-0.315899
0.867722	-0.266169
0.580103	-0.273857
0.799482	-0.367961
0.763244	-0.438961
1.09368	-0.555388
1.09295	-0.787071
0.985148	-0.7117
1.12956	-0.975205
1.11575	-0.768729
1.08546	-0.876742
1.01575	-0.896162
1.12073	-1.15538
1.24436	-1.24028
1.26563	-1.41505
1.64023	-1.77417
1.41528	-1.40029
1.24954	-1.23423
1.41574	-1.36258
1.59685	-1.80447
1.20596	-1.60433
1.38775	-1.59599
1.04647	-1.24183
0.419229	-0.649247
0.490757	-0.944136
0.132582	-0.743599
-0.0175219	-0.273284
-0.209097	-0.368166
-0.199153	-0.690496
-0.0460541	-0.79834
-0.0106879	-0.825
0.00295198	-0.56814
0.104261	-0.388848
0.274356	-0.426388
0.648044	-0.686957
1.04754	-0.962667
1.50453	-1.50382
1.18706	-0.97025
0.667078	-0.258806
0.373686	0.118369
0.283485	0.250845
0.267178	0.223415
0.18111	0.135507
0.400247	-0.242621
0.643807	-0.609404
0.719042	-0.796393
1.06695	-1.29806
1.73126	-2.09486
2.45268	-2.91084
1.95338	-1.92581
1.20667	-1.05842
0.755837	-0.495455
0.557771	-0.0665747
0.841572	-0.0879983
1.0979	-0.353307
1.16239	-0.442023
1.08265	-0.57578
0.950002	-0.561075
0.846078	-0.721954
0.914626	-1.0122
1.19437	-1.27899
1.42517	-1.33348
0.999859	-0.927979
0.735658	-0.313924
0.288661	0.0924929
0.365043	0.158331
0.430527	0.256083
0.622358	0.350168
0.581995	0.382796
0.50991	0.371207
0.673165	0.512871
0.444422	0.00716512
0.765596	0.133462
0.797123	0.020269
0.97071	-0.997648
1.55863	-1.62274
1.88544	-2.14169
1.43011	-1.65062
1.05071	-1.19595
0.881427	-1.01992
0.905956	-0.956103
1.22252	-1.49843
1.56147	-1.90319
1.65618	-2.04657
1.57487	-1.958
1.38537	-1.66255
0.716311	-0.928219
0.134773	-0.503548
-0.244243	-0.422702
-0.0114099	-0.479396
0.108594	-0.196763
0.124619	-0.223654
0.437037	-0.365619
0.471862	-0.00722574
-0.00392342	-0.591042
0.0519869	-0.644611
0.307975	-0.707619
0.256443	-0.757192
0.193705	-0.70249
0.175071	-0.63826
0.256444	-0.657932
0.309184	-0.755107
0.314241	-0.743425
0.229847	-0.811015
-0.398182	-0.400603
0.260699	-0.0410388
0.497395	0.155618
0.337449	-0.0699671
0.15763	-0.265943
0.25978	-0.0333098
0.560837	0.20834
0.436528	0.292689
0.101262	0.138929
0.680767	0.521211
0.24206	-0.324513
0.680348	-1.12617
0.601544	-0.929378
0.540186	-0.914938
0.633311	-0.970523
0.680316	-0.944885
0.785978	-0.770369
0.832725	-0.624887
0.953486	-0.834395
0.746661	-0.742986
0.728585	-0.85254
1.12472	-0.944262
1.52721	-1.25747
1.31924	-1.41621
1.08508	-1.27215
1.32042	-1.5332
1.24456	-1.29854
2.01854	-1.98694
2.12049	-2.50431
1.89633	-2.39587
1.91582	-2.32947
2.21483	-2.64879
2.5883	-3.03873
1.46335	-1.28672
0.50644	-0.43205
0.58453	0.255716
0.655468	0.283569
0.328801	0.0528079
0.259338	0.174774
0.293719	0.389802
0.0295952	0.0680183
0.231466	-0.220405
0.359627	-0.25326
0.40138	-0.166511
0.522378	-0.289381
0.816393	-0.0210197
1.33156	-0.707342
0.815422	-0.673562
0.636168	-1.00231
0.533014	-0.741756
1.00913	-1.17193
0.830365	-0.744664
0.845266	-0.585023
0.979716	-0.995097
1.3178	-1.70401
1.28213	-1.56828
0.93206	-0.862561
0.930344	-0.57835
0.779355	-0.681849
1.07024	-0.707974
1.09508	-0.516308
1.21787	-0.545615
1.18137	-0.434859
1.30937	-0.59264
1.2675	-0.544827
1.47159	-0.893799
1.94099	-1.51094
1.76007	-1.39121
1.371	-1.03853
1.71168	-1.41969
1.4643	-1.28878
1.60953	-1.26324
1.64625	-1.26403
1.42362	-0.758264
1.00757	-0.506656
1.06634	-0.556638
1.18835	-0.653382
1.21922	-0.71403
1.20275	-0.604606
1.11107	-0.45951
1.10389	-0.674548
1.19262	-0.788806
1.3901	-0.906455
1.11318	-0.734569
1.0933	-0.645003
1.12441	-0.633121
1.3625	-1.05559
1.15858	-0.725354
1.24844	-0.562812
1.08213	-0.615497
1.26636	-0.830654
1.18021	-0.95985
0.899502	-0.656116
0.637069	-0.362195
0.699386	-0.581444
0.755256	-0.436785
0.749706	-0.424333
0.856988	-0.362228
0.875931	-0.48673
0.683286	-0.0676807
1.03191	-0.780013
0.758265	-0.423511
0.99134	-0.622034
0.996758	-0.662385
0.870618	-0.491528
0.840015	-0.407938
1.32956	-0.313646
1.35671	-0.194681
0.918625	-0.268881
0.903615	-0.834017
1.09589	-0.867038
1.13075	-0.76324
0.998681	-0.499631
0.954411	-0.373241
1.00651	-0.413089
1.0456	-0.450642
1.01738	-0.424956
1.00842	-0.485522
0.969553	-0.510735
0.898075	-0.426553
0.82536	-0.330765
0.831026	-0.445001
1.09751	-0.902136
0.492534	-0.563923
0.329715	-0.509089
0.234411	-0.316437
0.32085	-0.169786
0.352302	-0.145592
0.12972	0.0240085
0.115348	0.0395417
0.0267106	0.0479293
0.100079	0.000833849
0.0794031	-0.0208466
0.0392001	-0.102552
0.211819	-0.0651943
0.608835	-0.333473
0.547184	-0.309138
0.53038	-0.188562
0.610109	-0.259113
0.656092	-0.33313
0.658443	-0.462497
0.595948	-0.7354
0.335671	-0.522759
0.302321	-0.541478
0.260611	-0.547281
0.306956	-0.640697
0.579169	-0.893387
0.732666	-0.994319
1.24442	-1.10535
1.34952	-1.28753
0.761306	-0.265603
0.741337	-0.185896
1.01508	-0.409614
1.28414	-0.45745
1.26171	-0.317312
1.63968	-0.660747
1.42851	-0.393667
1.21414	-0.270673
1.19296	-0.640775
1.06808	-0.885102
1.57088	-1.16657
1.8984	-1.26345
1.46376	-0.772463
1.41606	-0.922398
1.31823	-0.756898
0.850722	-0.249612
0.550396	0.342685
0.668507	0.536385
0.580574	0.142449
0.364414	-0.494711
0.548479	-0.645415
0.56203	-0.578814
0.622201	-0.383198
0.608726	-0.253839
0.604595	-0.128408
0.639811	-0.068373
0.573285	-0.156568
0.610134	-0.269046
0.469981	-0.202083
0.522132	-0.269393
0.484846	-0.239722
0.542689	-0.239559
0.617997	-0.291902
0.898054	-0.413731
0.889289	-0.341763
0.777027	-0.328046
0.905347	-0.504273
0.932658	-0.599642
0.9874	-0.678247
0.920289	-0.672783
0.957524	-0.801851
0.947224	-0.848093
0.965835	-0.905151
1.06974	-1.04954
1.16041	-1.11665
1.12996	-1.03742
0.945836	-0.800024
0.883326	-0.678962
0.675762	-0.739664
0.402236	-0.726638
0.372206	-0.882961
0.431501	-0.935654
0.433307	-1.01775
0.622663	-1.13403
0.975558	-1.14502
0.826402	-1.06953
0.911638	-0.95559
0.922043	-0.840302
1.01046	-0.885306
0.935987	0.155969
0.935708	0.0485568
0.48837	0.194426
0.295249	0.422298
0.563801	0.756428
0.616373	0.659565
0.561194	0.625779
0.344102	0.471373
0.269915	0.495244
0.305042	0.55986
0.501218	0.727526
0.453915	0.735498
0.569224	0.752502
0.545723	-0.105538
1.18839	-0.81409
0.682903	-0.215109
0.635036	-0.0854871
0.684739	-0.0685937
0.743209	-0.154765
0.811409	-0.289354
0.921996	-0.597122
1.12344	-0.995588
1.40973	-1.65462
1.37969	-1.58121
1.21536	-1.36332
1.03277	-1.16684
0.972659	-0.993209
0.317843	-0.0944005
0.326572	0.394159
0.268413	0.573877
0.288002	0.625674
0.267471	0.434973
0.228886	0.571424
0.293687	0.461314
0.432786	0.735006
0.336994	0.543878
0.297783	0.395342
0.446835	0.592735
0.547213	0.357406
0.718001	-0.463977
0.70029	-0.54092
0.806028	-0.620075
0.730433	-0.479626
0.730293	-0.504433
0.812253	-0.633246
0.853734	-0.806871
0.89066	-0.919802
1.24844	-1.40644
1.28422	-1.59589
1.6946	-2.03828
2.09946	-2.50368
2.88456	-3.34445
1.69393	-1.02068
0.601993	-0.41233
0.49057	-0.315118
0.730297	-0.139791
0.229308	-0.348955
0.387744	-0.360621
0.402482	-0.270003
0.248613	-0.404173
0.281488	-0.461614
0.133803	-0.421404
0.511038	-0.600025
0.884599	-0.961844
0.833371	-0.863022
0.797866	-0.804028
1.11426	-1.19841
1.24702	-1.23045
1.37066	-1.28164
1.25935	-1.11474
1.39259	-1.23636
1.46373	-1.41431
1.36928	-1.31041
1.6062	-1.52368
1.88654	-1.88599
2.10545	-2.39767
1.91545	-2.17142
1.90208	-2.24397
1.9965	-2.35667
2.01436	-2.42192
1.94557	-2.23699
0.0994698	-0.258286
0.590279	-0.405064
1.26045	-1.0519
0.622684	0.143186
0.386346	0.224541
0.427246	0.291036
0.300055	0.314137
0.331726	0.192326
0.393043	0.190749
0.356662	0.17539
0.530021	0.11652
0.333066	0.207947
0.374579	0.180506
0.632722	0.39531
0.570131	0.574717
0.72146	-0.00504883
0.836592	-0.432477
0.733113	-0.686527
1.0094	-1.36115
1.15588	-1.79265
1.09366	-1.62902
1.35663	-1.74074
1.52686	-1.75319
1.61196	-1.74331
1.51025	-1.47069
1.61691	-1.33263
1.52827	-1.06044
1.69912	-1.15271
1.27003	-0.470775
1.09513	-0.231281
1.08165	-0.43291
0.864094	-0.484189
1.03365	-0.629587
1.00588	-0.86001
0.981714	-0.833188
0.818004	-0.696929
0.9779	-0.725875
1.01405	-0.704801
0.584834	-0.605774
0.896316	-0.849918
1.16209	-1.03683
0.985036	-0.436873
0.902177	-0.397961
1.28334	-0.814736
0.954445	-0.485011
1.11872	-0.543383
1.00441	-0.545952
0.82471	-0.288183
0.861072	-0.4076
0.791782	-0.273265
0.899399	-0.369511
1.09183	-0.638704
1.16926	-0.614565
0.896715	-0.546036
0.78348	-0.181884
0.859669	-0.452289
0.819135	-0.23444
0.725097	-0.215551
0.825334	-0.397316
0.739949	-0.37045
0.56086	-0.240365
0.647072	-0.285681
0.914692	-0.540643
0.952729	-0.570072
0.642566	-0.284328
0.89569	-0.073409
0.974894	-0.281593
0.781887	-0.432897
2.06582	-1.96883
2.53605	-2.29158
1.35017	-0.684792
1.7493	-1.21168
1.58873	-1.36704
2.44038	-2.60265
2.60363	-2.85017
1.96806	-2.07832
1.35243	-1.43246
0.953766	-0.980619
0.912149	-0.690816
1.12928	-0.733298
0.920623	-0.520119
1.24606	-0.606757
0.981964	-0.440409
0.463157	-0.102042
0.190686	0.135657
0.312186	0.164468
0.556023	0.153256
0.602013	0.192044
0.602118	0.309185
0.689785	0.31052
0.923685	0.228135
0.966496	0.148062
0.912663	0.0805216
0.87505	-0.0152955
0.754192	0.00739991
0.814988	-0.109491
0.858454	-0.321171
0.781018	-0.217026
0.726946	-0.229439
0.668063	-0.111065
0.57432	-0.0941324
0.398492	0.0345408
0.323068	0.137178
0.547184	0.0143875
0.610209	0.0200278
0.897891	-0.0644236
1.10002	-0.250684
0.590437	-0.257674
0.696755	-0.02353
0.677165	0.0486496
0.903074	-0.136309
0.963853	0.10244
0.847374	-0.048084
0.805333	-0.0840693
0.760408	0.146737
0.438587	0.290447
0.474905	0.20346
0.846233	-0.360907
1.21227	-0.362001
0.66006	0.0220465
0.56532	0.167763
0.755523	-0.0150628
0.936317	-0.477749
1.25798	-0.986058
1.90506	-1.86682
0.838449	-0.858801
0.398483	-0.202638
-0.0617153	0.00627433
0.200515	0.164979
0.417592	0.614085
0.443968	0.670213
0.344907	0.528004
0.329752	0.491612
0.368018	0.708253
0.345404	0.618446
0.0788852	0.52459
0.30582	0.686329
0.249383	0.60448
0.910803	-0.369782
1.3602	-0.784137
0.855934	-0.277951
0.587394	-0.0977989
0.50505	-0.0633664
0.379038	-0.00378642
0.311109	0.133137
0.720382	-0.202154
0.748879	-0.132546
0.651225	-0.115324
0.559166	0.194048
0.357613	0.145283
0.248916	0.116393
0.0987658	0.277817
0.0790594	0.18264
0.188041	0.00568504
0.571968	-0.213476
1.03582	-0.395587
0.899054	-0.120441
0.832159	-0.148641
0.668738	0.0112544
0.74647	-0.0767272
0.924406	-0.522591
0.87789	-0.377426
0.439286	-0.104479
0.749308	-0.347743
0.630847	-0.480428
1.17571	-1.32848
2.29995	-2.76092
2.8338	-2.50161
2.78524	-2.38354
2.09916	-1.08937
2.02562	-1.39103
2.30345	-1.71222
2.02848	-2.42934
1.21128	-1.4725
0.0117946	0.179789
-0.0384369	0.194935
0.0151513	0.0706873
-0.065941	0.0837648
0.442072	-0.467446
0.96007	-1.01174
0.984799	-0.9058
0.799845	-0.849162
0.703867	-0.833613
0.788327	-0.950797
1.01267	-1.10191
0.434902	-0.346612
1.0337	-0.776675
0.910004	-0.493264
0.660861	-0.399951
0.665957	-0.328283
0.857434	-0.567684
1.02147	-0.42711
0.67822	0.287702
0.576563	-0.137564
0.809228	-0.361974
1.02532	-0.56453
1.35089	-0.738226
1.15101	-0.13388
0.887005	-0.0967114
1.03199	-0.494116
1.57867	-1.2027
1.55247	-1.0858
1.78159	-1.35448
1.97982	-1.60239
1.86644	-1.35624
1.02142	-0.473211
1.10008	-0.466481
0.970453	-0.354497
0.893149	-0.188863
0.908327	-0.285959
0.98516	-0.348156
1.12049	-0.468976
1.10576	-0.400581
1.09651	-0.589246
1.07843	-0.561199
0.907534	-0.428286
0.944588	-0.331597
0.9351	-0.475512
0.875498	-0.0644669
0.76381	-0.179702
0.777464	-0.213911
0.84113	-0.106767
1.00459	-0.387815
1.08257	-0.548997
1.1661	-0.483766
1.10586	-0.523881
1.10603	-0.587012
0.90785	-0.425826
0.911593	-0.193077
1.36442	-0.839436
1.28233	-0.616562
1.05918	-0.237283
0.969031	-0.38723
0.828528	-0.176886
0.335768	-0.0297377
-0.209504	0.474368
0.167667	0.0267699
0.315334	0.34208
0.40497	0.447785
0.711924	0.621714
0.497851	0.165025
0.477123	0.391103
0.598476	0.453956
0.655595	0.448637
0.929044	0.360388
0.773792	-0.339995
1.40387	-1.13188
1.05916	-0.831094
1.10949	-0.767555
1.19458	-0.628383
0.956341	-0.296785
0.807973	-0.0586936
0.665989	0.122693
0.66694	0.210245
0.724193	0.126181
0.712303	0.0106524
0.630727	0.0550238
0.632055	-0.118117
0.351367	-0.292301
0.119142	-0.359881
-0.0495816	-0.333081
-0.098548	-0.384961
0.077595	-0.543798
0.360381	-0.795705
0.484896	-0.679653
0.733706	-0.662313
0.37261	-0.235968
-0.103788	0.112049
0.123377	-0.00768491
0.597916	-0.242385
0.717821	-0.359519
0.85385	-0.153432
0.824098	-0.0195262
0.595289	0.0492059
0.475175	-0.244667
0.492165	-0.448445
1.04058	-0.724779
1.23959	-1.0795
1.31956	-1.16767
-0.0184283	-0.0439691
0.394865	-0.550564
0.393104	-0.488284
0.470328	-0.367775
0.644729	-0.360661
0.710226	-0.26776
0.77268	-0.151007
0.808074	-0.151558
0.787151	-0.126258
0.981455	-0.514963
0.993367	-0.665898
1.22165	-1.01801
0.839856	-0.610909
0.985684	-0.514449
0.898069	-0.188276
1.13883	-0.624567
0.674649	0.0357222
0.929974	-0.151808
0.611606	-0.0819882
0.270538	0.240333
0.19824	0.197543
0.317151	-0.00555405
0.704365	-0.371843
1.02144	-0.668011
0.684338	-0.118647
0.589127	-0.0852325
0.594798	0.0105392
0.896006	-0.364029
0.497812	-0.0197704
0.751175	-0.300902
0.792512	-0.174205
0.83295	-0.194003
0.974531	-0.390894
0.832998	-0.412483
0.463197	-0.0877489
0.642358	-0.267861
0.83386	-0.499633
0.988914	-0.398344
1.41979	-0.732595
1.49095	-0.940271
1.43216	-1.07948
2.06145	-2.07802
2.20757	-2.32097
2.10451	-2.16394
1.87482	-1.97452
1.97731	-2.19202
1.87039	-2.0715
1.84283	-2.01099
1.93906	-2.27865
1.3737	-1.42731
1.66877	-1.98196
1.51433	-1.64419
1.66996	-1.62881
1.91784	-1.84068
1.04413	-1.32084
0.629297	-0.545037
0.596729	-0.584432
0.721338	-0.827937
0.817281	-0.940455
0.34348	-0.071596
0.00558832	0.0229723
0.265444	-0.0928501
0.562385	0.012757
0.259164	0.0413717
0.0580311	-0.196036
0.144879	-0.0489051
0.198706	0.0147244
0.285596	-0.149966
0.294588	0.0406395
0.221325	-0.115822
0.232808	-0.342192
0.0425012	-0.0828442
0.138605	0.0379761
0.254299	0.0855672
0.325009	0.0600897
0.267234	0.0781579
-0.00628262	-0.00304621
0.154843	0.00296447
0.22912	0.111314
0.206765	-0.0180728
-0.0458624	-0.189306
0.00513586	-0.0293221
0.097587	-0.137804
0.0750959	-0.232633
-0.0966297	-0.325646
0.1249	-0.228541
0.149131	0.0698941
0.302307	0.0345856
0.348603	0.0620678
0.700675	-0.307306
0.5049	-0.0531782
0.518168	-0.0404342
0.409797	-0.0350346
0.391344	0.0736303
0.589233	-0.149672
0.4392	-0.126033
0.480315	-0.221823
0.704693	-0.251417
0.670527	-0.194681
0.634707	-0.329036
0.979284	-0.615695
1.17277	-0.777206
0.940047	-0.359726
0.991685	-0.848647
0.99472	-0.568295
0.871136	-0.326473
0.81621	-0.121337
0.998672	-0.386922
0.717255	-0.188309
1.1318	-0.668269
1.04206	-0.592803
0.952718	-0.468953
1.02951	-0.629558
1.09813	-0.844317
0.99945	-0.718534
0.882179	-0.512331
1.022	-0.732011
0.91045	-0.812668
1.79289	-1.68775
0.465061	-0.491894
0.3562	-0.245244
0.724778	-0.469493
0.571821	-0.531588
0.86168	-0.865735
0.865707	-1.00715
0.831228	-1.17184
0.622449	-1.03765
0.731774	-1.13795
0.836249	-1.21617
0.674933	-0.98097
0.263916	-0.505408
0.238922	-0.228153
0.391992	-0.187341
0.521208	-0.0397431
0.655577	-0.159534
0.56276	-0.153091
0.536402	-0.217113
0.457967	-0.177744
-0.128281	0.239457
0.138362	0.148692
0.770665	-0.457268
1.22667	-0.825768
1.12421	-0.556086
0.945645	-0.389969
0.979914	0.168717
0.737472	-0.24657
0.413297	-0.0315462
0.298408	0.310111
-0.00662977	0.173837
0.153576	0.184287
-0.0891522	0.122478
-0.0839393	-0.104397
0.0309022	-0.235674
0.82535	-0.85696
1.27124	-1.2175
1.29599	-1.24411
1.04356	-0.769956
0.927701	-0.519761
0.658335	-0.426894
0.565527	-0.457366
0.534074	-0.522223
0.588628	-0.724313
0.792855	-1.02132
0.911759	-1.28721
0.912825	-1.30955
0.945027	-1.25983
0.793763	-1.04041
0.589569	-0.717422
0.83441	-1.03068
0.283591	-0.460093
-0.0503123	-0.139231
0.635207	-0.0781
0.451274	0.104788
0.839365	0.893899
0.625216	0.794814
0.708473	0.721534
0.825626	0.811683
0.855725	0.853063
0.550637	0.597513
0.309809	0.130971
0.532421	-0.217712
1.21262	0.404889
1.31556	0.492743
0.602381	0.165771
0.37534	-0.087405
0.563624	-0.351807
0.515009	-0.304048
0.663141	-0.417065
1.10936	-0.75635
-0.262661	0.157799
0.221478	0.186849
0.392058	0.35127
0.17777	0.372536
0.301691	0.314475
0.303951	0.713326
0.0632414	0.606655
0.350295	0.565694
0.212722	0.00134252
0.73738	-0.425085
0.492077	-0.151307
0.290204	0.0166939
0.282741	-0.051235
0.324906	-0.216386
0.20195	-0.212835
0.219986	-0.241694
0.14614	-0.215668
0.112804	-0.137231
0.172291	-0.133816
0.557023	-0.328813
0.523764	-0.423978
0.494938	-0.0405392
0.767955	-0.312661
0.969358	-0.236885
0.95891	-0.542895
2.09604	-1.93358
1.70197	-1.19592
2.58606	-2.63255
2.16835	-2.26859
2.07063	-2.24724
1.75944	-1.89215
1.42348	-1.44506
1.32305	-1.375
1.54261	-1.54407
0.980932	-0.775749
1.13933	-0.794484
1.51521	-1.12485
1.21027	-0.972144
0.582389	-0.154557
0.995507	-0.0748819
0.650534	-0.407017
0.411481	-0.694129
0.451139	-0.982387
0.524275	-1.0176
0.716388	-1.0581
0.968062	-1.08236
1.04298	-1.0236
1.18531	-1.09097
1.26786	-1.0944
1.50855	-1.368
1.41796	-1.3403
1.19784	-1.05189
1.14727	-0.787431
1.33575	-1.07538
0.984638	-0.639877
0.908888	-0.3296
1.06357	-0.653421
1.04658	-0.57417
1.09394	-0.59001
1.11842	-0.627138
1.05226	-0.56777
1.03779	-0.559792
1.15828	-0.712379
1.31198	-0.922794
0.655559	-0.322158
0.766861	-0.0977045
1.39995	-1.19838
1.80202	-1.55612
1.37656	-0.614322
1.63469	-1.14401
1.69696	-1.3515
1.72072	-1.36625
1.40732	-1.01832
1.00016	-0.518511
0.906329	-0.353174
0.773818	-0.195387
0.597821	0.00563502
0.635147	0.114093
0.851984	-0.256466
1.56969	-1.13624
1.42092	-0.99648
1.75159	-1.40755
1.45156	-1.10603
1.39693	-1.03997
0.50276	-0.070925
0.609894	-0.045022
0.50844	0.0211915
0.569161	-0.129721
0.636434	-0.0733583
-0.217605	0.127138
0.203448	0.136034
0.267016	0.237656
0.370821	0.110899
0.188376	0.0347534
0.418207	0.0580829
0.498999	0.000441267
0.472995	0.0605846
0.525493	-0.179208
0.876467	-0.408406
0.718687	-0.314684
0.655198	-0.36552
0.792894	-0.204066
0.700632	-0.100837
0.941818	-0.497107
2.35194	-2.18296
2.08248	-1.77008
1.70075	-1.30893
1.58955	-1.08069
1.62286	-1.18084
1.72708	-1.33594
1.59735	-1.07204
1.80016	-1.39336
1.54621	-1.17083
1.71926	-1.47635
1.85371	-1.61406
1.22336	-0.808341
1.36144	-0.89479
1.27121	-0.738501
1.26863	-0.598886
1.15694	-0.537679
1.07073	-0.748293
1.20184	-0.722024
1.22993	-0.713068
1.00717	-0.478444
1.10126	-0.739369
1.20283	-0.741792
1.02871	-0.501222
1.11632	-0.789503
1.05247	-0.575673
0.905038	-0.426357
0.841278	-0.316413
1.17969	-0.651532
0.979869	-0.43411
1.01294	-0.323479
1.03795	-0.494701
0.654819	-0.267021
0.836074	-0.458043
1.18452	-0.818254
0.798853	-0.224661
0.834602	-0.245316
0.843501	-0.350424
0.596894	-0.0938751
0.624968	-0.0876064
0.797879	-0.255905
0.854828	-0.229715
1.05817	-0.329798
1.14153	-0.487646
1.14448	-0.473572
1.39854	-0.958749
1.84288	-1.49469
2.06613	-1.76103
1.91495	-1.30078
1.73728	-1.32606
1.1486	-0.491066
0.420778	0.24318
0.180502	0.494262
0.240403	0.434243
0.679025	0.829549
0.36748	0.515989
0.0692275	0.384699
0.249179	0.127071
0.314486	-0.103428
0.31639	0.0289336
0.236959	0.255492
0.363254	0.176719
0.258172	0.106908
0.50354	-0.431658
0.818625	-0.745486
0.770487	-0.546769
0.753323	-0.383931
0.668272	-0.108942
0.474057	0.0616397
0.0933398	0.2277
0.177229	0.0690382
0.473231	-0.196972
0.848322	-0.400488
0.967905	-0.073278
0.199019	0.460022
0.149025	0.434008
0.199715	0.329015
0.465573	0.280983
0.602867	0.322793
0.638021	0.311052
0.650494	0.25646
0.830257	-0.0609651
0.66151	-0.0892593
0.612221	-0.163074
0.951023	-0.628407
0.908026	-0.626878
0.913525	-0.665372
0.855083	-0.781894
0.811016	-0.748954
0.774259	-0.74316
0.883794	-0.969944
1.17562	-1.37411
1.93372	-1.95661
1.37182	-1.15143
0.824791	-0.568959
0.266694	-0.113521
0.028474	-0.0765896
-0.0335745	-0.0483845
0.00946109	-0.144025
0.198925	-0.191587
0.311385	-0.121005
0.884808	-0.514958
0.790863	-0.363364
1.02208	-0.70696
1.16194	-0.729231
0.25858	0.603622
0.534359	0.130808
1.05678	-0.488202
1.47535	-1.12744
2.10305	-2.02978
1.90519	-1.86614
0.51058	-0.476618
0.769634	-0.403186
0.902691	-0.531282
0.904071	-0.592217
0.620981	-0.171726
1.15732	-0.636106
1.03911	-0.642041
1.06628	-0.487908
1.3608	-1.04805
1.17906	0.279731
1.17181	-0.214561
0.634365	-0.358856
0.639938	-0.309951
0.766452	-0.371975
1.13709	-0.716601
1.18781	-0.879135
0.0566823	0.101489
0.402977	0.373775
0.718896	0.507768
0.60018	0.540704
0.542365	0.465674
0.322907	0.370149
0.28752	0.384264
0.323173	0.286698
0.553469	0.316653
0.703927	0.513825
0.913682	0.233222
0.791898	0.110104
0.790878	-0.868321
0.845857	-0.845688
0.754608	-0.598038
0.657715	-0.412487
0.552643	-0.193332
0.458247	-0.0510187
0.381991	-0.0338815
0.516051	-0.181393
0.423746	-0.0351204
1.21183	-0.610006
1.12091	-0.373485
1.27147	-0.734828
0.998721	-0.398889
1.04319	-0.448326
1.16771	-0.704458
1.10186	-0.590508
1.07147	-0.378783
1.31902	-0.647666
1.51469	-0.941091
1.62794	-1.08355
1.42914	-1.00518
0.764753	-0.150845
1.11655	-0.422357
1.20028	-0.473564
1.06014	-0.423902
0.75642	-0.277132
0.825568	-0.120497
0.722528	0.0374413
0.754649	-0.0186403
0.718209	-0.0688396
0.673641	-0.086459
0.654699	-0.0915131
0.645019	-0.025436
0.662232	-0.005156
0.632718	0.0892448
0.698401	0.00488145
0.640748	-0.212208
0.436001	-0.163191
0.285537	-0.0760241
0.305461	-0.0268321
0.32237	-0.0216239
0.335511	-0.0618465
0.296876	-0.0832618
0.473807	-0.128877
0.579856	-0.250777
0.818491	-0.38712
0.887462	-0.469561
1.01121	-0.692743
1.01193	-0.693098
0.927987	-0.358762
1.01937	-1.0293
0.944446	-0.906683
0.829859	-0.780071
0.912069	-0.805701
1.05571	-1.11919
1.30352	-1.1916
0.888916	-0.75021
0.926086	-0.993377
0.860602	-0.769356
0.678759	-0.248943
1.09468	-0.399375
0.509262	0.527997
0.670934	0.685192
0.552134	0.38047
0.324864	0.466862
0.237498	0.361249
0.234864	0.103206
0.200436	0.292184
-0.106339	-0.196171
-0.142714	-0.174997
-0.0706458	-0.284535
-0.0437628	0.0120273
0.466023	-0.00203223
0.670365	0.0397195
0.310848	-0.19749
0.458035	0.134097
-0.0853447	0.122405
-0.112794	0.114976
-0.109089	0.230867
-0.0157245	0.13715
-0.0390467	0.163837
-0.126024	0.227716
-0.0776042	0.294711
-0.0229157	0.376294
0.207217	0.00609539
0.233842	0.109233
-0.0159743	0.210403
0.0686708	0.214065
0.498945	0.0170527
0.331297	-0.000636083
0.165358	-0.0301876
0.518949	-0.145993
0.785296	-0.426353
0.376242	0.00977599
0.552197	-0.350981
0.62477	-0.347322
0.669161	-0.414182
0.432814	-0.00297306
0.486621	-0.179119
0.765026	-0.390875
0.601843	-0.207462
0.553723	-0.161663
0.717312	-0.338286
0.545261	-0.124827
0.547781	-0.104014
0.70934	-0.314753
0.554662	-0.271041
0.733635	-0.331135
1.0979	-0.6182
0.736072	-0.614623
0.716623	-0.516664
1.1772	-0.907656
0.798891	-0.518063
0.929454	-0.604089
0.999089	-0.707442
0.939313	-0.55154
1.06505	-0.540247
0.698962	-0.420804
1.07707	-0.593283
0.859255	-0.459252
1.31326	-1.05635
0.617949	-0.228716
1.03131	-0.694838
0.899481	-0.199791
0.555243	-0.322037
0.599424	-0.311881
1.13512	-0.712941
1.46165	-1.16596
1.43246	-0.756529
1.20076	-0.575572
0.877793	0.0319569
0.888434	0.045634
0.708626	0.187914
0.617307	0.195893
0.725866	0.0746101
0.812536	-0.0946875
0.797012	-0.0399462
0.896211	-0.253847
0.651186	-0.0676924
0.766156	-0.185269
0.594953	-0.109889
0.484774	-0.0825453
1.01489	-0.425221
0.740249	-0.407788
0.148227	0.0724307
-0.0173371	0.0813099
0.023263	0.0573647
0.0923181	-0.0236128
0.481936	-0.404083
0.802578	-0.664775
0.754141	-0.93649
0.961109	-1.01279
0.901281	-0.962357
0.785881	-0.877391
0.720748	-0.683699
1.2571	-0.915555
0.707731	-0.120665
0.518249	0.176273
0.531787	0.317566
0.650034	0.256668
0.686731	0.22901
0.738437	0.170638
0.594269	0.302513
0.704556	0.183802
1.10998	-0.153859
0.62951	0.217274
0.435235	0.429994
0.234043	0.6473
0.0408227	0.75149
-0.0494014	0.791002
0.444181	0.328138
0.504403	0.234033
0.436321	0.0876863
0.541224	0.0140325
0.903253	-0.365646
0.437183	-0.204661
0.476985	0.232033
0.297718	0.255289
0.615175	0.242166
0.804166	0.0783009
0.599626	0.223786
0.641597	-0.0237051
0.944262	-0.383009
1.00717	-0.524201
1.47956	-1.21272
1.64882	-1.81191
1.62717	-1.72888
1.33081	-1.35451
1.14377	-1.06765
1.02904	-0.773622
1.08628	-0.649146
1.25097	-0.622972
1.00355	-0.284475
0.805445	-0.163279
0.818048	-0.175148
0.657399	0.0307002
0.789807	-0.0221971
1.00214	-0.18718
1.28495	-0.507714
1.67537	-0.99427
1.87328	-1.33939
1.87222	-1.43693
1.74342	-1.29616
1.44731	-0.627181
1.38084	-0.779012
1.15708	-0.617874
1.2604	-0.633469
1.67222	-0.763404
1.77421	-1.19612
1.87111	-1.49569
1.88594	-1.40831
2.15937	-1.75462
2.33532	-1.93624
2.25865	-1.72612
2.20461	-1.63651
2.271	-1.73333
2.32134	-1.93769
2.36009	-2.17496
2.1333	-1.93889
1.95237	-1.67407
2.35329	-2.2957
0.924964	-0.520956
0.0404114	0.1176
-0.354464	0.361549
-0.134433	0.14151
0.000747656	0.112034
-0.0152573	0.306852
0.0937208	0.219755
-0.00243377	-0.166717
-0.370937	0.0820361
-0.522132	0.323671
-0.23034	0.344234
1.03632	-0.430565
2.19707	-1.9302
1.89696	-1.41624
2.02294	-1.54469
1.50674	-0.813491
1.58564	-0.938596
1.36196	-0.7034
1.50405	-0.917112
1.41782	-0.911492
1.34285	-0.918858
0.789638	-0.357736
1.05812	-0.672778
1.67585	-1.52281
1.12269	-0.827889
0.822445	-0.554482
0.885538	-0.450267
0.82699	-0.50127
0.848192	-0.306734
0.707379	-0.298539
0.463571	0.154239
0.761197	0.00681627
0.950709	-0.456211
0.932159	-0.578304
0.915642	-0.344288
0.68671	-0.194971
0.806914	-0.550013
1.15493	-0.737123
1.0745	-0.857732
0.844943	-0.762267
0.929105	-0.819641
0.847626	-0.469641
0.972177	-0.698948
0.991553	-0.660029
0.768344	-0.346878
0.881884	-0.363185
0.746446	-0.403051
0.781222	-0.32461
0.86982	-0.510675
0.806894	-0.316739
1.08961	-0.697591
0.841786	-0.52037
1.1651	-0.816357
0.588536	0.241132
0.609948	0.181554
0.495378	-0.0412566
0.442108	-0.0343875
0.542431	0.0110814
0.606114	-0.00178104
0.463106	0.120666
0.2891	0.130062
0.319283	0.147872
0.703073	-0.297653
0.783051	-0.367713
1.42301	-1.2421
0.901141	-0.530738
0.595134	-0.245244
0.65333	-0.0810497
0.401745	-0.0689282
0.272418	0.011552
0.239423	-0.0253924
0.242733	-0.0394214
0.390629	-0.132166
-0.142945	-0.154882
0.488521	0.219366
0.574767	0.197057
1.12819	0.532143
1.3468	0.775981
1.46802	0.816904
1.23289	1.0078
1.17409	1.0335
0.807464	0.676054
0.766146	0.604376
0.383358	-0.272662
0.707062	-0.39499
0.503355	-0.217075
0.514611	-0.171979
0.447045	-0.100552
0.426803	-0.0367427
0.415743	-0.020434
0.408534	-0.061307
0.360165	-0.0856621
0.388469	-0.160463
0.403302	-0.186355
0.323241	0.0457175
-0.321984	0.27917
0.0859224	0.380092
0.315178	0.434413
0.405529	0.608648
0.56314	0.517794
0.640047	0.410977
0.571121	0.418212
0.401499	0.276197
0.509578	0.293679
0.436594	0.380253
0.499189	0.461316
0.678663	0.768837
0.393601	0.0148745
1.09902	-0.276646
0.916893	-0.24712
0.591651	0.0933903
0.567003	0.0973236
0.699976	-0.0453536
0.534579	-0.00962326
0.782425	-0.453927
1.07974	-0.824724
1.15427	-0.971992
1.12933	-1.00059
1.40706	-1.48757
1.61359	-1.80776
1.05647	-1.0962
1.03277	-1.12701
1.20351	-1.21086
1.63439	-1.58087
0.948351	-1.14545
0.50689	-0.471689
-0.138634	0.346326
-0.102067	0.396273
1.03523	-0.64625
1.24342	-1.08796
1.01791	-0.36596
0.552662	-0.141035
1.06213	-0.41699
0.840962	0.242159
1.15108	-0.457653
0.984909	-0.293807
0.788159	-0.0471656
1.10098	-0.228375
1.12305	-0.231226
1.0497	-0.219917
1.18859	-0.387014
1.27762	-0.465772
1.49542	-0.686947
0.977742	0.0712533
0.652954	0.303197
0.731327	-0.298514
0.692514	-0.327714
0.790343	-0.331128
1.39067	-0.899143
1.75134	-1.22135
1.87858	-1.2609
1.47819	-0.672542
1.6719	-0.732057
0.923067	-0.318978
0.581604	0.0387278
0.836722	-0.1859
0.81526	-0.284074
0.968387	-0.472902
1.36474	-0.956807
0.969182	-0.580837
0.0128427	0.103167
0.557726	0.497226
0.433296	0.138898
0.305088	0.223812
0.300163	0.120395
0.282105	-0.0179459
0.387306	-0.01765
0.555367	0.00120577
0.567546	0.159924
0.898471	-0.358559
1.47138	-1.30262
1.81334	-1.7496
2.2935	-2.03411
2.00405	-1.58881
2.08706	-1.69503
1.89934	-1.4289
1.75503	-1.25546
1.86923	-1.49308
1.93327	-1.63866
1.96672	-1.78307
1.96691	-1.82516
2.14704	-2.13895
1.70552	-1.47286
1.83872	-1.34956
1.20994	-0.658281
1.19014	-0.610538
1.23238	-0.565971
1.57868	-0.821836
1.62342	-1.00657
1.75834	-1.25971
1.04645	-0.441747
1.06001	-0.362977
1.26076	-0.760893
1.65559	-1.1754
1.03214	-0.393385
0.914074	-0.358694
0.722037	-0.266262
1.1268	-0.647071
1.11582	-0.488573
1.05574	-0.438865
1.3331	-0.660613
0.472344	0.0602861
0.611686	0.655287
0.173492	0.474321
0.419779	0.165964
0.974153	0.408794
1.17906	0.765275
0.997708	0.739651
1.15706	0.937204
1.46734	1.17173
1.22658	0.86724
1.24757	0.841126
1.16324	0.737012
1.50567	1.29996
1.18423	0.856958
1.23097	0.960544
0.868882	0.49769
0.379145	0.134592
0.388334	0.307181
0.486416	0.14078
0.533637	0.221831
0.388442	0.0432133
0.447064	-0.0391005
0.49184	0.0562799
0.360482	-0.112085
0.249342	0.179121
0.511435	-0.0945334
0.405179	0.0170167
0.535326	-0.353308
0.400083	-0.235012
0.404186	-0.0309914
0.37399	0.293577
0.597903	-0.121538
0.705482	-0.0676435
0.632556	-0.122352
0.578014	-0.231122
0.582334	-0.155525
0.726173	-0.21106
0.480095	-0.288216
0.612136	-0.273781
0.601668	-0.292127
0.628462	-0.163418
0.545305	-0.0579959
0.357745	0.0218051
0.694467	-0.328028
0.483604	-0.275908
0.612149	-0.412379
0.438483	-0.301887
0.690023	-0.398076
0.453829	-0.119948
0.380817	0.0164957
0.505679	-0.00911042
0.492871	-0.137602
0.666213	-0.121807
0.735911	-0.269104
0.838273	-0.404813
0.681303	-0.213649
0.411259	0.0350504
0.550201	-0.035398
0.546975	-0.0854552
0.780588	-0.361938
0.650192	-0.276419
0.786211	-0.451912
0.713424	-0.360155
0.620407	-0.370026
0.675744	-0.493131
1.00533	-0.664065
0.731974	-0.299876
0.622161	-0.133718
0.732176	-0.318307
0.65399	-0.130672
0.697022	-0.267572
0.41291	-0.124066
0.757739	-0.275456
0.534125	-0.234925
0.683674	-0.300684
0.939189	-0.373876
1.10024	-0.378898
1.07078	-0.480069
1.06279	-0.524612
1.11482	-0.56794
1.20091	-0.795085
1.30001	-0.823513
1.28281	-0.652879
1.07415	-0.42918
0.792652	-0.120716
1.17313	-0.685015
1.35187	-0.794117
1.37183	-0.657767
0.997548	-0.106583
1.33136	-0.497133
1.54037	-0.87936
0.141241	0.295113
0.568815	0.309117
0.147653	0.286805
0.426667	-0.0224092
0.827942	-0.450393
0.562677	-0.143905
0.571359	-0.124772
0.729128	-0.645614
0.609653	-0.211935
0.758714	-0.39597
0.88553	-0.493359
0.977113	-0.523302
0.960097	0.100046
1.06635	-0.144964
1.19513	-0.380126
1.25492	-0.488988
0.828393	-0.227507
0.820271	-0.419197
1.18744	-0.69797
1.28119	-0.83824
0.957673	-0.490807
0.985514	-0.54211
0.954117	-0.528954
0.717355	-0.22175
1.32776	-0.84871
1.39211	-0.864997
1.17801	-0.812509
1.20142	-1.02051
0.540407	-0.55729
0.343229	-0.572119
0.282301	-0.666042
0.283664	-0.698396
0.356864	-0.705893
0.550916	-0.909084
0.759097	-0.990719
0.997269	-0.992379
1.15278	-1.05897
1.29553	-1.09388
1.12548	-0.823911
1.08648	-0.872683
0.859031	-0.603022
0.986027	-0.814729
0.907835	-0.809527
0.991844	-0.841701
1.09923	-0.879453
1.16361	-0.896888
1.18546	-0.816884
1.24407	-0.837767
1.29822	-1.06942
1.10442	-0.833181
1.22855	-0.991043
1.38715	-0.969887
1.2796	-0.876475
1.1789	-1.02905
0.655121	-0.0768097
0.631489	0.203728
0.780443	-0.835174
0.800758	-0.951589
0.323978	-0.593754
0.722564	-0.800827
0.698351	-0.837209
0.671605	-0.873822
0.715819	-0.84776
0.736774	-0.757115
0.98055	-0.871606
1.26394	-1.13691
1.01595	-1.07177
0.940463	-1.04887
0.901521	-0.941639
1.06324	-0.675002
0.901727	-0.844274
0.614693	-0.502117
0.479561	-0.584084
0.408019	-0.674869
0.333219	-0.615557
0.711181	-0.99212
0.346235	-0.537359
-0.0547888	-0.309068
-0.164603	-0.290556
-0.177743	-0.276265
-0.150399	-0.274738
-0.124136	-0.290246
-0.113514	-0.302562
0.317815	-0.330817
0.640713	-0.653355
0.750446	-0.770761
0.774246	-0.727563
0.779518	-0.703923
0.916666	-0.831217
1.17306	-1.06699
1.28343	-1.13036
1.23758	-1.07274
1.23839	-1.10935
1.13482	-0.989866
1.08497	-0.948776
0.804612	-0.490387
0.136373	-0.0515767
-0.157469	-0.00693315
0.139847	0.0676301
0.338215	0.105038
0.251366	-0.19001
0.393236	-0.0130465
0.526716	0.0316615
0.112876	-0.423967
0.119263	-0.503299
0.783717	-1.25509
0.80032	-1.23302
0.493695	-0.940336
0.334132	-0.794943
0.347296	-0.820512
0.44923	-0.789855
0.488783	-0.681868
0.610564	-0.711425
0.666052	-0.624131
0.656834	-0.459257
0.773457	-0.373964
0.86998	-0.404001
1.00562	-0.498104
1.13354	-0.641322
1.0979	-0.648192
1.27522	-0.93383
1.25526	-0.985718
1.29232	-1.02157
1.23773	-0.868281
1.47523	-1.03194
1.43004	-1.29042
1.12806	-0.936893
1.30684	-1.00084
1.42343	-1.13151
0.980781	-0.625682
0.626096	-0.192325
0.506636	-0.0276823
0.520823	0.00559861
0.453255	0.138552
0.41349	0.220176
0.395871	0.245674
0.398078	0.19535
0.78077	-0.192307
1.00276	-0.346969
1.1302	-0.454068
0.997157	-0.33941
1.08806	-0.563181
1.01461	-0.531375
0.927177	-0.515435
1.09187	-0.708269
1.38319	-1.13931
1.38101	-1.114
1.36876	-1.08501
1.60177	-1.38889
1.22065	-0.898707
0.930061	-0.662535
0.459823	-0.0159289
0.554986	0.208256
1.13447	-0.768829
1.49322	-1.26709
1.00182	-0.757626
0.0990306	0.0822435
0.891809	-0.452702
0.785309	-0.340691
0.170033	0.194024
0.734827	-0.181887
1.23393	-1.00309
1.1751	-1.15184
1.23431	-1.43803
1.12371	-1.46738
0.82173	-1.36166
0.697688	-1.26327
0.705617	-1.32408
0.577459	-1.23896
0.574254	-1.24345
0.550696	-1.19754
0.560301	-1.16467
0.66536	-1.21001
0.660862	-1.08213
0.778882	-1.06209
0.802153	-0.932545
0.552433	-0.485288
0.27649	-0.113905
0.175887	-0.00636213
0.137113	0.0287311
0.288122	0.0167478
0.394851	0.0523263
0.940356	-0.2669
0.866017	-0.241249
0.859472	-0.258873
0.990227	-0.188542
1.04813	-0.435824
0.507219	-0.389385
0.819084	-0.909299
0.836429	-0.641528
0.66768	-0.537088
0.784116	-0.370917
0.64785	-0.320097
0.80563	-0.459782
0.748419	-0.418895
0.77864	-0.350281
0.656135	-0.297376
0.594549	-0.198944
1.04473	-0.610983
1.06475	-0.683007
0.779863	-0.307641
0.748819	-0.20397
0.623628	-0.119909
0.723665	-0.165386
0.761489	-0.320126
0.728988	-0.0406452
0.433732	0.124785
0.689203	-0.147765
0.665193	-0.464629
0.868257	-0.227169
0.756431	-0.356214
0.757445	-0.284514
0.942162	-0.42822
0.806816	-0.396556
0.960156	-0.753688
1.05966	-0.610683
0.972025	-0.490315
0.952821	-0.486293
0.971968	-0.409118
0.831605	-0.49194
0.903982	-0.329932
1.04664	-0.685041
0.983309	-0.632711
0.929319	-0.463665
0.941925	-0.413737
1.05539	-0.331253
0.438793	0.0404067
0.588397	0.0565795
0.405291	0.104436
0.96638	-0.434712
0.889475	-0.456135
1.00121	-0.438
0.914015	-0.637159
0.893885	-0.521242
0.667092	-0.291872
-0.210719	0.762939
0.587307	0.210544
0.230722	0.18751
0.00233772	0.25026
0.290261	0.0628559
0.643995	-0.0884855
0.687265	-0.09163
0.827711	-0.203147
1.24826	-0.787004
1.21959	-0.846238
0.0778793	0.130777
0.26153	0.119634
0.705589	0.261908
0.50282	0.210285
0.409534	0.00492892
0.686291	0.0468523
0.464507	0.229581
0.534522	0.0643059
0.673224	0.0857744
0.47028	0.110657
0.75708	-0.682014
1.48536	-1.69586
1.18006	-1.25483
1.01543	-1.10279
0.863979	-0.879831
0.649422	-0.481328
0.468113	-0.1581
0.582524	-0.107535
0.787549	-0.290348
0.492561	-0.0968355
0.295793	0.0507091
0.198339	0.172919
0.199274	0.187151
0.201402	0.188073
0.1969	0.17603
0.197379	0.146724
0.125886	0.132181
0.0469351	0.119305
0.19272	0.0622651
0.582936	-0.0848655
0.250494	-0.0461951
0.356508	-0.0883141
0.347221	-0.128112
0.330343	-0.140784
0.377681	-0.34092
0.486003	-0.656269
0.457268	-0.728404
0.510606	-0.71541
0.507271	-0.734728
0.635644	-0.818025
0.362473	-0.728744
0.110503	-0.840383
0.109991	-0.870419
0.090798	-0.834014
0.175687	-0.705262
0.280036	-0.405505
0.618106	-0.74623
0.652732	-1.06339
0.731194	-1.27126
0.839915	-1.41717
0.84116	-1.32368
1.00291	-1.3758
1.23261	-1.4884
0.588071	-0.822354
0.81912	-0.945344
0.992503	-0.907592
1.00083	-1.02752
0.84746	-0.811456
0.966232	-0.337959
1.13089	-0.700362
0.946599	-0.455466
0.868208	-0.282815
0.885009	-0.308665
0.879742	-0.325986
0.994814	-0.490962
0.935397	-0.478394
0.968322	-0.528344
1.26489	-0.854903
1.26683	-0.965532
0.799261	-0.327689
0.85591	-0.413987
0.916589	-0.467156
1.25559	-0.816099
1.38938	-1.03986
1.00581	-0.496301
1.0784	-0.64509
1.00361	-0.561535
0.553046	0.346216
0.447632	-0.00388986
0.653947	-0.21278
0.881824	-0.629671
1.65622	-1.70053
2.28183	-2.44401
1.28196	-1.13727
1.61246	-1.72103
1.65138	-1.78632
1.68639	-1.88835
1.36686	-1.56137
1.22951	-0.917475
1.52086	-1.2293
1.36636	-1.13232
1.22887	-1.02282
1.06223	-0.483976
0.498649	0.296171
-0.236688	0.742257
-0.418291	0.755235
-0.345816	0.624928
-0.302243	0.611034
-0.316699	0.629138
0.256125	0.497003
1.08367	-0.0602437
1.32577	-0.343376
0.976495	-0.440855
1.05945	-0.392217
0.791909	-0.398606
0.399167	0.0762133
0.346654	0.197892
0.449056	0.250203
0.592943	0.252841
0.859601	-0.017292
0.983026	-0.276529
1.4373	-0.899979
1.93347	-1.51375
1.15355	-0.731923
1.09295	-0.453187
1.64811	-1.02538
1.6674	-0.943721
1.60657	-1.02546
1.59911	-1.60852
1.78001	-2.12221
1.65714	-2.02841
1.35546	-1.59854
1.2182	-1.33992
1.07568	-1.1367
1.05584	-0.904257
0.791736	-0.113501
0.807937	-0.0523576
0.953267	-0.245701
0.876915	-0.127667
0.756053	0.05391
0.662653	0.0793003
0.625052	0.0918491
0.682359	0.0543262
0.714076	0.0456695
0.660874	0.0178373
0.361734	0.269225
0.748893	0.0303677
1.02265	-0.638911
0.70909	-0.49037
0.751827	-0.05199
0.623602	0.0347966
0.514674	0.102829
0.709323	-0.078477
0.76264	-0.202469
0.688466	-0.210457
1.08656	-0.508328
1.51173	-1.01283
0.880661	-0.361875
0.843261	-0.0749677
1.01954	-0.412607
0.903338	-0.373345
0.777602	-0.154448
0.643456	0.0511366
1.03704	-0.359247
1.01663	-0.48291
0.375111	0.324127
0.305476	0.265246
0.437617	0.165713
0.452121	0.222203
0.5681	0.300122
0.466772	0.486336
0.478792	0.396276
0.529236	0.188429
0.725763	-0.0680224
0.713447	-0.100772
0.757861	-0.0927167
0.801213	-0.104931
0.881605	-0.149447
0.74566	-0.153425
0.838722	-0.246514
0.804095	-0.14592
0.650581	-0.0370709
0.589876	-0.0062278
0.598106	-0.0578214
0.548633	-0.0144737
0.600455	-0.0653649
0.65771	-0.320893
0.490705	-0.444133
0.514998	-0.464945
0.626627	-0.457367
0.763355	-0.59156
0.541274	-0.512115
0.626744	-0.487518
0.573936	-0.278356
0.536975	-0.412165
0.458315	-0.379209
0.555875	-0.604674
0.680514	-0.711188
0.765291	-0.846553
1.0086	-0.882727
1.47041	-1.7099
1.50638	-1.81173
1.43079	-1.68361
1.38779	-1.63144
1.63924	-1.83784
1.24489	-1.466
1.29229	-1.50661
1.14102	-1.20412
0.934954	-0.892138
1.37237	-1.48738
1.48326	-1.34251
0.898601	-0.891349
0.777598	-0.884229
0.743073	-0.991372
0.723313	-1.05404
1.19241	-1.50724
1.19135	-1.37225
0.970953	-0.948358
0.974646	-0.566541
0.566143	-0.0995345
0.979696	-0.631033
0.986525	-0.644939
0.639459	0.166297
1.02519	-0.668028
0.838548	-0.289185
0.877173	-0.481217
1.09154	-0.665176
1.15877	-0.83337
1.02008	-0.713584
0.835143	-0.473628
1.09366	-0.954848
0.71668	-0.391723
0.766995	-0.363377
0.855523	-0.394923
0.753315	-0.350726
0.629747	-0.40348
0.925508	-0.515267
0.979371	-0.555841
1.09385	-0.713721
1.13564	-0.685957
0.84886	-0.19245
0.779526	-0.26644
0.779707	-0.0361421
0.871292	-0.271491
0.951178	-0.302444
1.06112	-0.60732
1.0585	-0.682574
0.959955	-0.40983
0.807394	-0.471091
0.823394	-0.32429
0.852142	-0.431918
0.950291	-0.416344
1.26458	-0.651669
0.865551	-0.196997
0.823349	-0.367525
0.706848	-0.133616
0.873971	-0.403563
1.09559	-0.572721
0.950577	-0.476322
0.931268	-0.551671
1.0876	-0.481007
1.02663	-0.341896
0.584553	0.214765
-0.0671209	0.445152
-0.113779	0.239944
-0.281728	0.319785
-0.109905	0.27589
0.776451	-0.283179
0.954221	-0.328528
0.764098	-0.198484
0.678864	-0.105578
0.592288	0.0576174
0.968539	-0.593363
1.05734	-1.12205
1.17615	-1.35084
0.973344	-1.17452
0.983432	-1.22024
1.12752	-1.14248
1.54019	-1.45696
1.18071	-1.0551
0.773082	-0.538039
0.847259	-0.530459
0.505935	-0.0164124
0.850324	-0.279058
1.17615	-0.691121
1.53725	-1.06911
0.607651	-0.154958
0.354532	0.135469
0.388325	0.1853
0.44979	0.165112
0.731467	-0.149134
0.905797	-0.330989
1.09294	-0.486877
1.50006	-0.848572
1.37438	-0.682679
1.14049	-0.244534
0.794466	0.137854
0.825666	-0.286995
0.734467	0.0613578
0.697241	-0.264427
1.01255	-0.327445
0.978163	-0.234284
1.21915	-0.544899
1.06849	-0.4098
0.969435	-0.45179
1.03638	-0.592241
1.20461	-0.66933
1.20673	-0.645191
0.959532	-0.364433
1.36522	-0.827024
0.628829	0.0814934
0.695281	0.390635
0.756154	-0.153569
0.831722	-0.276789
0.635571	0.706009
0.809764	0.141813
1.17747	-0.565946
0.267841	0.521535
0.195918	0.500697
0.583393	0.149867
0.0885598	0.366791
-0.0617211	0.719725
0.524767	-0.27208
0.636992	-0.545433
1.16921	-1.25352
2.14796	-2.16438
2.73235	-2.23036
2.93581	-2.444
3.09963	-3.16758
2.71539	-2.84368
2.46568	-2.80794
1.91613	-2.28077
1.64848	-1.766
0.815741	-0.761905
0.551891	-0.523746
0.529005	-0.651462
0.647399	-0.882057
0.860672	-1.13746
0.978207	-1.20068
1.2985	-1.43024
2.02451	-2.45766
1.68657	-1.82093
1.49273	-1.43828
1.39888	-1.33633
1.44338	-1.53193
0.784196	-0.77999
0.715363	-0.355449
0.852788	-0.304498
0.922695	-0.230813
0.870674	-0.0722231
0.897709	-0.095682
0.835489	-0.0747914
0.812103	-0.151583
0.854147	-0.366032
0.927271	-0.631296
1.07503	-0.860973
1.08025	-0.882723
0.840575	-1.05193
0.844811	-1.21754
0.661085	-1.14143
0.653015	-1.12924
0.617153	-1.09315
0.630655	-1.00972
0.622669	-0.866519
0.635119	-0.665864
0.749507	-0.594837
0.759039	-0.372027
0.740002	-0.263319
0.84969	-0.554119
0.732632	-0.572313
0.574006	-0.539377
0.749735	-0.645849
0.729421	-0.585532
0.792943	-0.651499
0.874852	-0.723535
0.761375	-0.538774
0.732903	-0.481616
0.792333	-0.674735
0.911878	-0.850292
0.901607	-0.861512
0.933757	-0.938568
1.21038	-1.27527
0.404239	-0.322054
0.128201	0.0883412
0.273775	0.457887
0.456313	0.610144
0.234798	0.474415
0.216585	0.481206
0.616303	0.67485
0.48301	0.587788
0.319646	0.268418
0.220714	0.190066
0.0595596	-0.109801
0.170203	0.0408787
0.0446082	0.287993
0.362999	0.133185
0.500219	-0.0336275
0.650431	-0.0962128
0.594542	-0.205267
1.00593	-0.905174
1.45553	-1.51542
1.52809	-1.56752
1.63512	-1.6224
1.51881	-1.60231
1.22933	-1.37517
1.23749	-1.43509
1.23735	-1.36607
0.900681	-0.809216
0.608738	-0.31789
0.651183	-0.265169
0.344865	0.111122
0.385099	-0.0249514
0.312501	0.109611
0.418908	-0.000468457
0.418237	-0.0240549
0.466645	-0.0571063
0.700238	-0.266442
0.372789	0.276271
0.474588	0.314496
0.0208677	0.723904
-0.182444	0.518809
-0.147207	0.574638
-0.0568461	0.527452
-0.023157	0.512118
0.0455696	0.42834
-0.0131783	0.392059
-0.00680023	0.303286
-0.0879065	0.33455
-0.183928	0.37737
-0.0930223	0.301003
0.261908	0.140984
0.565306	-0.0619804
0.544929	-0.038698
0.465218	0.00522003
0.683587	-0.141959
0.438188	0.0565534
0.503017	0.0426776
0.944257	-0.260026
0.913314	-0.118251
0.943365	-0.134279
0.945138	-0.0457066
0.915228	-0.0646248
1.0437	-0.177647
0.865738	-0.0347577
1.06916	-0.167764
1.01936	-0.0828622
1.12077	-0.31493
0.647132	-0.452892
0.863428	-0.710082
1.26071	-1.04919
0.914068	-0.507732
0.657273	-0.432172
0.851872	-0.395364
0.716847	-0.365269
0.777702	-0.34957
0.723302	-0.360997
0.710397	-0.204023
0.550313	-0.235436
0.628886	-0.357807
0.767796	-0.470912
0.51064	-0.180776
0.433869	-0.124616
0.340828	0.0429193
0.374403	0.0382061
0.401842	-0.119636
0.458997	-0.363632
0.473144	-0.0721353
0.467279	-0.0719818
0.448861	-0.0987204
0.500292	-0.194839
0.349524	-0.14906
0.299126	0.100829
0.290147	-0.195484
0.397119	-0.207241
0.542519	-0.0653727
0.399531	-0.22376
0.716221	-0.327688
0.790304	-0.391472
0.505633	-0.171328
0.491772	-0.156922
0.475392	-0.0114877
0.655014	-0.273333
0.573106	0.0269942
0.559079	-0.139826
0.579735	-0.225403
0.561732	-0.297062
0.797421	-0.447571
0.466514	0.00644129
0.328628	0.0208251
0.465515	-0.104555
0.75903	-0.206665
0.531485	-0.310953
0.747965	-0.185236
0.781585	-0.297711
0.940075	-0.507617
0.858352	-0.400943
0.733736	-0.332835
0.928883	-0.69492
0.224229	-0.232728
0.290716	-0.0372747
0.471647	-0.264521
-0.0994031	0.0901031
0.0770842	-0.157243
0.3948	-0.536402
0.668978	-0.719799
1.29138	-1.25528
1.48478	-1.38024
1.44657	-1.3056
1.43811	-1.49339
1.30912	-1.41613
1.26973	-1.41607
1.50923	-1.54423
1.08612	-0.901351
0.82911	-0.623704
0.904127	-0.87382
0.705992	-0.776268
0.417808	-0.673771
0.227895	-0.662435
0.264583	-0.716623
0.320797	-0.591949
0.71765	-0.782649
0.454091	-0.50732
0.266835	-0.413925
0.258093	-0.466173
0.37434	-0.517686
0.192533	-0.391062
0.153569	-0.303159
0.131905	-0.174402
0.281519	-0.365539
0.320131	-0.398159
0.400549	-0.439005
0.419499	-0.431875
0.424588	-0.444723
0.398931	-0.340828
0.478779	0.0051719
0.455335	0.130031
0.558846	-0.0263852
0.635074	-0.238864
0.760726	-0.519071
0.841295	-0.690596
0.442591	-0.343988
0.0793063	0.0921648
-0.0852508	0.0177643
0.32033	0.292237
0.394592	0.470594
0.614326	0.549308
0.472804	0.29305
0.430712	0.287232
0.512605	0.486162
0.540035	0.401013
0.76853	0.180768
0.610401	0.168118
0.49775	0.292211
0.627195	0.165374
0.586804	-0.64422
0.798725	-0.980887
0.943164	-1.14451
0.813016	-0.868662
0.771024	-0.650564
0.90197	-0.664725
0.92191	-0.650393
0.88663	-0.587315
1.42587	-1.31713
1.72705	-1.77556
1.27213	-1.23617
0.794239	-0.930786
0.679052	-0.886787
0.700185	-0.845626
0.65442	-0.62047
0.629177	-0.637289
0.545911	-0.592905
0.355467	-0.413082
0.397457	-0.388887
0.261689	-0.333732
0.206183	-0.324367
0.117246	-0.393693
0.26157	-0.535275
0.736324	-0.623726
0.22411	-0.493333
0.334001	-0.638861
0.269813	-0.555201
0.230562	-0.398315
0.255171	-0.373095
0.39195	-0.447253
0.709572	-0.537448
0.849056	-0.696421
0.932248	-1.00468
0.961662	-1.25184
0.873944	-1.12862
0.789728	-0.969771
1.4595	-1.42619
1.31102	-1.1108
1.26113	-0.936224
0.822389	-0.292429
0.466039	0.132412
0.464445	0.0465543
0.336948	0.150978
0.390971	0.01482
0.648124	-0.304119
1.06832	-0.424694
0.878182	-0.421363
0.82867	-0.228331
0.883427	-0.0301041
0.762134	-0.215095
0.102994	0.268268
-0.076936	0.205812
0.091827	0.184031
0.386749	0.332106
1.50105	-0.839596
0.461428	-0.44002
0.360062	-0.392097
0.329987	-0.385489
0.313657	-0.38476
0.323823	-0.4518
0.346904	-0.505859
0.855419	-1.02017
1.08381	-0.973349
1.69326	-1.27308
1.71617	-1.12217
0.0363951	-0.0540059
0.0815895	-0.149186
0.195337	-0.157922
0.353517	-0.206059
0.474445	-0.261596
0.57069	-0.145095
0.592155	0.00650546
1.3243	-0.890063
2.35691	-2.47742
1.80995	-1.69925
1.27447	-1.32223
1.0657	-1.28192
1.14417	-1.36185
1.26768	-1.13116
1.27852	-0.963161
0.938397	-0.490896
0.397807	0.176444
0.380645	0.121135
0.413243	0.0378195
0.54087	-0.166451
0.894865	-0.599609
1.09474	-0.887603
0.68051	-0.0707669
0.744535	-0.0352794
0.511533	0.106432
0.782644	-0.266445
0.636227	-0.125125
0.642037	0.126043
0.599706	0.404103
0.484708	0.314382
0.137056	0.307624
0.78799	-0.257973
0.988828	-0.402296
1.02228	-0.392114
0.933007	-0.306346
0.956548	-0.358355
1.33035	-0.74067
1.87319	-1.53467
0.537738	-0.455872
0.266041	-0.0170619
0.314709	0.269563
0.510553	0.70619
0.270764	0.788933
0.17158	0.429376
0.0993255	0.22568
0.217119	0.363865
0.406783	0.31643
0.498601	-0.0515561
0.801402	-0.132124
0.66724	-0.208215
0.284719	0.0250376
0.197254	-0.00966273
0.261732	-0.19197
0.39204	-0.32474
0.92864	-0.981879
1.00905	-1.08742
1.15117	-1.23169
1.24764	-1.37841
0.655481	-0.636755
0.498866	-0.142544
0.572845	-0.0994883
0.605003	-0.09472
0.617147	-0.146122
0.695815	-0.489502
0.799781	-0.652434
0.753981	-0.609692
0.74692	-0.645953
0.805645	-0.679886
0.711688	-0.619827
0.649085	-0.565405
0.415078	-0.501161
0.236995	-0.68905
0.121609	-0.817835
0.118235	-0.86671
0.141523	-0.932251
0.377659	-1.06687
0.595035	-1.06055
0.6938	-1.15644
0.660946	-1.19259
0.616041	-0.972478
0.451517	-0.710268
0.520148	-0.725991
0.346547	-0.20968
0.233546	-0.421335
0.372578	0.0405398
0.494082	-0.741105
1.01729	-1.21104
1.03809	-1.05626
1.0445	-0.877493
1.17498	-0.84141
1.15376	-0.652582
1.04797	-0.476254
1.17963	-0.574054
1.09802	-0.460265
1.08663	-0.475285
1.05153	-0.632304
0.87986	-0.395349
0.688253	-0.0877115
0.676063	-0.0795411
0.737208	-0.171197
0.855485	-0.346643
0.712562	-0.220271
0.680768	-0.149423
0.663375	-0.0926552
0.478296	0.0910231
0.600289	-0.151851
0.87171	-0.55735
0.624296	-0.205677
0.686741	-0.204664
0.686545	-0.28304
0.628112	-0.261457
0.924123	-0.565151
1.58422	-1.26859
0.000477956	0.165232
-0.0286996	0.327232
0.401052	0.335019
0.702682	0.345165
0.73286	0.541543
0.706129	0.486269
0.745531	0.36323
0.523868	0.257104
0.656775	0.0685781
0.835794	0.0040396
0.958251	-1.41775
0.889072	-1.44039
0.849464	-1.39369
0.750915	-1.25881
1.28589	-1.75866
1.11582	-1.37978
0.874836	-1.10265
0.822373	-0.925842
0.730642	-0.815454
0.596638	-0.780415
1.16186	-1.36168
1.05963	-1.09373
0.422186	-0.152972
0.635665	-0.428695
1.0092	-0.85516
1.01147	-0.522121
1.70479	-1.00285
1.53474	-0.757587
2.07017	-1.33194
1.65238	-0.679727
0.88745	0.167031
0.766996	0.176037
0.963488	-0.198214
1.39197	-0.866183
1.08026	-1.07739
0.83068	-1.02024
0.843212	-1.06059
1.26385	-1.45117
1.40226	-1.38373
1.03131	-0.48666
1.23595	-0.498605
0.857177	-0.394456
0.866981	-0.624702
0.603524	-0.0851408
0.548065	-0.016537
0.612331	-0.0816454
0.605812	-0.0528948
0.625786	-0.0708233
0.632806	-0.075327
0.422821	0.115793
0.331236	0.178938
0.615959	-0.0705928
0.70184	0.0331964
0.576342	-0.00330698
0.39512	0.261096
0.72797	-0.0783246
1.12914	-0.363304
0.880142	-0.0580203
0.840942	0.307997
1.46113	-0.572958
1.487	-0.703161
1.35914	-0.610843
1.16752	-0.350284
1.30449	-0.598609
1.31226	-0.800267
1.49291	-1.10008
1.66049	-1.15017
1.69702	-0.837668
1.55499	-0.729399
1.28416	-0.751631
1.32875	-0.524937
1.3963	-0.566461
1.30031	-0.420204
1.06873	-0.10291
1.0088	0.0429808
1.20787	-0.114352
1.27729	-0.169436
1.40935	-0.262917
1.67835	-0.82403
2.24997	-2.00477
2.09206	-1.83749
1.46022	-1.06715
0.62753	-0.478103
0.455583	-0.262744
0.667875	-0.417165
0.359091	-0.0825468
0.0958783	-0.127318
0.185831	0.0835639
0.346074	0.289107
0.343828	0.33568
0.454018	0.349705
0.361588	0.363218
0.108364	0.269862
0.431271	0.423331
0.289158	0.222962
0.0209921	0.212441
0.365225	0.499495
0.48107	0.609889
0.50062	0.549337
0.377735	0.535065
0.340175	0.681599
0.226485	0.347965
0.339809	0.50422
0.319038	0.294943
0.359876	0.50835
0.33943	0.649831
0.247339	0.45067
-0.00562016	0.379034
0.00498133	0.46043
0.057321	0.425325
-0.270637	0.258891
-0.00782522	0.490414
-0.380274	0.360006
-0.243073	0.612552
-0.142193	0.382004
-0.411878	0.519982
-0.121534	0.269896
-0.119754	0.303785
0.0245602	-0.0829604
0.443606	-0.0436354
0.293958	0.232519
0.413695	0.206326
0.675441	-0.264009
0.578935	-0.0714034
0.507202	0.20171
0.735447	-0.281587
1.00497	-0.183887
0.776893	-0.171209
0.935308	-0.447288
1.06698	-0.491917
0.917695	-0.46078
0.87139	-0.302267
1.03771	-0.59207
0.999925	-0.710637
0.80892	-0.374816
1.20611	-0.72899
1.09866	-0.624396
1.01767	-0.549002
