-0.30046	0.0778802
0.281775	0.347737
0.569812	0.701148
0.355874	0.484824
0.140738	0.354947
0.0181339	0.172379
-0.223798	-0.0693373
-0.372654	-0.0248435
0.132463	0.418078
-0.132417	0.437412
-0.415983	0.497165
-0.522048	0.28653
-0.494206	0.0623742
-0.494123	-0.177724
-0.482739	-0.501654
-0.508715	-0.551495
-0.430719	-0.488684
-0.328953	-0.323733
-0.120072	-0.158528
0.0597867	0.0375186
0.11801	0.258674
0.26543	0.348356
0.36964	0.369582
0.34265	0.372935
0.271609	0.300669
0.148644	0.151315
0.0823576	0.00238031
-0.0365441	-0.110069
-0.0429453	-0.206936
-0.0644054	-0.206589
-0.0870765	-0.100455
-0.470453	0.0809187
-0.561356	-0.0362888
-0.938605	-0.158115
-0.960136	-0.229781
-0.732523	-0.204427
-0.917901	-0.193285
-1.05784	-0.290645
-0.559141	0.314589
-0.578551	0.418971
-0.75424	0.301561
-0.76681	0.363971
-0.771231	0.40902
-0.639027	0.399332
-0.568504	0.531563
-0.354007	0.511923
-0.373855	0.404238
-0.433112	0.406824
-0.417091	0.102341
-0.49277	-0.0254976
-0.0905778	0.490321
0.110139	0.397189
0.310595	0.307619
0.251079	0.26917
0.228415	0.229961
0.185889	0.16666
0.359767	0.233857
0.250438	0.390872
0.0462136	0.524544
-0.229612	0.61072
-0.367409	0.671195
-0.445656	0.754278
-0.510951	0.728548
-0.512553	0.711764
-0.383787	0.511808
-0.632351	0.279417
-0.522682	-0.0505207
-0.199149	-0.405865
-0.22796	-0.328325
-0.0714162	-0.349379
-0.188237	-0.538107
-0.443012	-0.455976
-0.411249	-0.112519
-0.0639335	-0.0644153
-0.152814	-0.172385
-0.093313	-0.177895
-0.0376176	0.0506624
0.0818517	-0.496527
-0.163625	-0.593572
0.0467284	-0.409931
0.0458134	-0.314671
-0.0257586	-0.295883
0.0392698	-0.407237
0.0790928	-0.533803
-0.0242452	-0.558326
-0.0464908	-0.563025
-0.0364617	-0.504389
-0.000414314	-0.504649
-0.0106342	-0.502121
-0.00190401	-0.403956
0.0773554	-0.308574
0.221352	-0.183648
0.241715	-0.00175102
0.056797	-0.0840196
-0.141963	-0.27787
-0.27639	-0.396746
-0.288698	-0.662639
-0.224577	-0.370596
-0.19113	-0.198487
-0.350837	-0.197785
-0.256235	-0.186556
-0.275029	-0.145115
-0.252945	-0.247761
-0.304695	-0.178706
-0.259108	-0.164096
-0.0496552	-0.0417489
-0.0873682	0.114929
-0.112999	0.176739
0.018049	0.0678281
0.0023746	-0.0617237
-0.549296	0.297305
-0.548312	0.43167
-0.384411	0.258971
-0.0710275	0.0810231
-0.124946	-0.198154
0.293865	-0.294968
0.27318	-0.350182
0.194999	-0.246567
0.296717	-0.0964557
0.573826	-0.367373
0.574566	-0.506808
0.620884	-0.485093
0.381509	-0.372579
0.259018	-0.272389
0.101831	-0.458062
0.213708	-0.500139
0.0800385	-0.265673
0.255456	-0.498811
0.398653	-0.51892
0.320439	-0.348056
0.467873	-0.374635
0.284769	0.0858088
0.207498	-0.522008
0.398655	-0.732187
0.543574	-0.460691
0.139457	-0.145026
0.173217	0.25807
-0.00143646	0.00741305
0.141463	-0.076475
-0.157061	0.173215
0.144825	-0.0828294
0.148174	0.0399759
0.163515	0.0663446
-0.0804996	0.0463309
-0.0584472	-0.112872
-0.331729	-0.226713
-0.151374	-0.325341
-0.314803	-0.232865
-0.330867	-0.309582
-0.0714863	0.00493654
0.03786	0.00521653
-0.125415	-0.163929
-0.0399161	0.0669637
-0.289334	-0.0745602
-0.351477	-0.235169
-0.537484	-0.229555
-0.63416	-0.220331
-0.606242	-0.314187
-0.421781	-0.0277849
-0.706702	-0.135114
-0.756715	-0.190679
-0.694501	-0.158329
-0.540035	-0.233911
-0.71201	-0.374285
-0.532133	-0.334906
-0.65471	-0.443178
-0.532675	-0.618146
-0.676357	-0.28927
-0.843728	-0.261556
-0.276671	-0.603411
-0.169285	-0.444772
-0.176268	-0.641442
-0.427403	-0.616343
-0.484117	-0.308732
-0.216916	-0.309131
-0.133916	-0.226208
-0.395642	-0.0502921
-0.416558	0.103721
-0.316393	-0.0838324
-0.301582	-0.236216
-0.530568	-0.084067
-0.45799	-0.192329
-0.489108	-0.224883
-0.388774	-0.0425041
-0.192598	-0.140445
-0.506824	-0.0735163
-0.523579	-0.174816
-0.481658	-0.199349
-0.562233	-0.117117
-0.431575	-0.0717179
-0.632486	0.201741
0.111808	0.462573
0.140169	0.533806
-0.237067	0.637378
-0.214669	0.628078
-0.264815	0.545436
-0.450455	0.267115
-0.254466	0.0152558
-0.100251	-0.0641249
0.0341445	-0.0154406
0.158579	0.116346
0.277906	0.239066
0.37086	0.247992
0.516655	0.317801
0.628781	0.410918
0.689939	0.634937
0.747612	0.593445
0.386516	0.21179
0.334175	0.214884
0.238003	0.199583
0.313566	0.317227
0.120902	0.213392
0.181902	-0.139096
0.0986474	-0.260889
-0.232914	-0.489829
-0.472603	-0.426534
-0.533227	-0.321675
-0.470428	-0.226583
-0.435441	0.0828561
-0.461464	0.321269
-0.395229	0.374753
-0.390911	0.132401
-0.464675	-0.351183
-0.468143	-0.271233
-0.469557	-0.0107233
-0.39909	-0.253581
-0.194354	-0.181429
-0.227942	-0.412629
-0.59976	-0.409798
-1.05572	-0.545315
-1.11978	-0.233629
-0.702817	-0.098987
-0.452766	-0.184486
-0.545092	-0.4212
-0.666955	-0.320422
-0.11607	-0.0591475
-0.00969757	-0.116877
0.0571298	-0.103319
0.108585	-0.108108
0.0691962	0.032575
0.0744555	0.157078
0.140323	0.18204
0.174423	0.251151
0.22027	0.29547
0.230056	0.405005
0.32195	0.43873
0.262452	0.602902
0.308063	0.468158
0.352415	0.546117
-0.207174	0.176461
-0.240927	-0.0929676
0.64255	0.461441
0.577228	0.563822
0.420142	0.696269
0.188976	0.702144
-0.0924371	0.70811
-0.332511	0.585222
-0.440904	0.209301
-0.305293	0.197584
-0.313471	0.220257
-0.292567	-0.0142494
-0.325205	-0.104234
-0.392602	-0.26922
-0.150455	-0.226508
-0.187718	-0.258944
-0.485399	-0.216204
-0.231812	-0.217706
-0.125647	-0.057712
-0.0633525	-0.0770024
0.0933691	-0.185674
-0.197861	-0.29488
-0.300806	0.100657
-0.321036	0.138738
-0.555974	0.107612
-0.623929	0.141503
-0.6562	0.145618
-0.695998	0.154255
-0.655162	0.156124
-0.597959	0.145314
-0.629526	0.16265
-0.6464	0.130735
-0.653067	0.135354
-0.643238	0.0993863
-0.664462	0.0583919
-0.529505	-0.0677905
-0.419179	-0.161954
-0.337574	-0.0504213
-0.309616	0.0890279
-0.607242	0.113487
-0.599762	0.0726726
-0.674525	0.168787
-0.586198	0.1145
-0.553374	0.101146
-0.661942	0.00707742
-0.696757	-0.170184
-0.379302	-0.341146
0.0148173	-0.210538
-0.435854	0.100082
-0.727109	0.24755
-0.586225	0.211938
-0.69033	0.140611
-0.835803	-0.0233103
-0.7232	-0.0125546
-0.478166	0.0185193
-0.202934	0.151038
0.0572956	0.0916031
-0.221815	-0.0665513
-0.380169	-0.208115
-0.305287	-0.156304
-0.177173	-0.131459
-0.285757	-0.0528201
0.164972	-0.431269
0.0276183	-0.280504
-0.152789	-0.151981
0.629133	0.356083
0.540951	0.473241
0.330891	0.426945
0.275439	0.373554
0.230632	0.326202
0.164054	0.429596
0.181976	0.477928
0.197004	0.475325
0.282149	0.556022
0.212726	0.672732
0.0760895	0.294536
-0.241225	0.302529
-0.232041	0.216024
-0.181228	0.106602
-0.275018	-0.0567763
-0.3402	0.118808
-0.630808	-0.0782726
-0.527671	-0.109541
-0.354617	-0.039893
-0.579626	-0.0160537
-0.837843	-0.0137918
-0.960296	0.0600453
-0.97791	0.108632
-0.842365	0.194614
-0.540113	0.258736
0.0746508	0.0729
-0.122345	-0.0846206
-0.409253	0.110484
-0.329563	0.139923
-0.161367	0.0173226
-0.256474	-0.094833
-0.465747	-0.0814768
-0.304097	-0.0867366
-0.389057	0.0450385
-0.502451	0.0346074
-0.218422	0.135936
-0.233649	0.215528
-0.654297	0.130985
-0.797326	0.148958
-0.727379	0.136114
-0.753556	0.234933
-0.666482	0.252597
-0.650161	0.270154
-0.597825	0.264316
-0.656572	0.352329
-0.44705	0.292015
-0.489256	0.42281
-0.340021	0.370559
0.00422054	0.349287
-0.00506084	0.351231
-0.198201	0.324006
-0.604759	0.0149145
-0.583152	0.0906616
-0.577349	0.101429
-0.865119	0.202219
-0.988901	0.0638167
-0.829311	0.0486451
-0.814088	0.173929
-0.820572	-0.103839
-0.721116	-0.309902
-0.678315	-0.324504
-0.0860683	0.104491
0.155822	0.07048
0.222708	0.0749011
0.430603	0.0617401
0.487754	0.10551
0.506705	0.143092
0.521091	0.165277
0.493265	0.236411
0.376266	0.151118
0.420679	0.120808
0.433867	0.0405351
0.106957	-0.0281122
-0.0514145	-0.0410751
-0.180946	0.0134857
-0.325001	-0.0171692
-0.366886	-0.00275125
-0.355912	0.0293414
-0.408971	0.0944717
-0.309487	0.132398
-0.108705	0.16033
0.0952774	0.105603
0.364184	-0.0228567
0.364071	-0.0571858
0.185426	-0.0441073
0.231922	-0.054443
0.486338	-0.236585
0.217258	0.007842
0.10479	0.127734
0.227527	0.404351
-0.151912	0.592596
-0.34379	0.795806
-0.225944	0.849104
-0.157407	0.899791
-0.163479	0.945224
-0.169783	0.957625
-0.120228	0.960863
-0.105635	0.94251
-0.0814845	0.96409
-0.0950069	0.956523
-0.0601376	0.779096
-0.221417	0.685306
-0.471712	0.431408
-0.524041	0.398059
-0.579717	0.309195
-0.201623	0.242269
-0.380686	0.3176
-0.393072	-0.269405
-0.433505	-0.423725
0.120871	-0.127883
-0.381319	-0.264821
-0.471149	-0.208823
-0.347961	0.0174213
-0.377435	-0.11871
-0.51191	0.0341023
-0.61711	-0.0442746
-0.838236	-0.0741462
-0.617104	0.054138
-0.778736	0.0164779
-0.657904	0.0366262
-0.59524	-0.0699789
-0.694946	0.129656
-0.874139	0.12372
-0.731143	0.0341911
-0.757182	-0.195072
-0.677329	0.0885314
-0.181439	0.365951
-0.155408	0.475135
-0.269699	0.413787
-0.381734	0.410712
-0.416673	0.442759
-0.456025	0.501265
-0.625463	0.438574
-0.272425	0.085394
0.08771	-0.20049
0.255244	-0.126068
0.357489	0.0106384
0.489611	0.0716853
0.628949	0.0680786
0.801529	0.117441
0.947716	0.151383
0.887191	0.0744339
0.883191	0.0959976
0.889619	0.133114
0.815292	0.257332
0.721865	0.214878
0.651247	0.047553
0.847863	0.0462542
0.727126	0.0384921
0.663439	0.0393643
0.69803	0.0288931
0.834396	0.0994873
0.90658	0.237996
0.7489	0.205293
0.243173	0.341158
0.351224	0.13182
0.230167	-0.0546401
0.152764	-0.150053
-0.0215893	-0.163501
0.00386664	0.0527259
-0.20778	-0.0897069
-0.165518	-0.00155672
-0.437094	0.0346595
-0.0834768	0.0959325
-0.277246	0.0804491
-0.851553	0.390912
-0.343513	0.0612019
-0.0345384	-0.11022
-0.166269	-0.0617735
-0.184827	-0.0697638
-0.678466	0.116125
-1.08311	0.0646075
-0.726332	0.20747
-0.714969	0.620986
-0.68379	0.679447
-0.715553	0.749407
-0.746678	0.780941
-0.696302	0.809597
-0.644123	0.741759
-0.557676	0.720501
-0.488455	0.704422
-0.460954	0.829713
-0.271208	0.736295
-0.290765	0.760825
-0.509304	0.873785
-0.639837	0.537972
-0.627661	0.496288
-0.84198	0.460883
-0.814795	0.201843
-0.820758	0.146352
-0.988776	0.0401652
-0.794502	0.0690591
-0.754699	-0.0319152
-0.929039	0.0147358
-1.1512	0.0651339
-0.796708	-0.0326356
-0.623621	-0.149425
-0.831221	-0.170372
-0.748064	-0.291897
-0.866649	-0.300347
-0.540181	-0.147517
-0.447983	-0.204925
-0.688591	-0.11836
-0.824543	-0.221705
-0.441574	-0.11926
-0.439847	-0.184644
-0.413283	-0.25289
-0.374943	-0.182875
-0.412773	-0.273544
-0.51404	-0.373587
-0.347345	-0.259703
-0.627183	-0.0582156
-0.349579	-0.158079
-0.448831	-0.284046
-0.101367	-0.154013
-0.195458	0.0433456
-0.31883	-0.0673419
-0.122473	0.00566151
-0.464036	-0.0251566
-0.400988	0.0170573
-0.628271	-0.217878
-0.52334	-0.193635
-0.341809	-0.315293
-0.67831	-0.285114
-0.410032	-0.233951
-0.498293	-0.199964
-0.342447	-0.282377
-0.270456	-0.220962
-0.34917	-0.150346
-0.546353	-0.418739
-0.743333	-0.304463
-0.802622	-0.198065
-0.527706	-0.0472617
-0.593052	-0.0457267
-0.720708	-0.118811
-0.724216	-0.223015
-0.674189	-0.236941
-0.708959	-0.286919
-0.691218	-0.393345
-0.586682	-0.318816
-0.429798	-0.185018
-0.678431	-0.0602029
-0.837335	-0.0335536
-0.74858	-0.424557
-0.667271	-0.272057
-0.88878	-0.261998
-0.707841	-0.333906
-0.903086	-0.306047
-0.948038	-0.424128
-0.83829	-0.262177
-0.9281	-0.210072
-0.983457	-0.568964
-0.806708	-0.37988
-0.657395	-0.318877
-1.05309	-0.331373
-0.963753	-0.415461
-0.93679	-0.437921
-1.04734	-0.51655
-1.10833	-0.558208
-0.968149	-0.441473
-1.04677	-0.296065
-1.07946	-0.404581
-0.914411	-0.213565
-0.836859	-0.1177
-0.808378	-0.124777
-0.599216	-0.129824
-0.612855	-0.201825
-0.321133	-0.129136
-0.209448	-0.0182222
-0.373467	-0.238268
-0.415927	-0.11779
-0.267343	-0.117658
-0.288284	-0.287555
-0.384492	-0.158923
-0.410296	-0.192175
-0.424652	-0.198098
-0.467743	-0.121309
-0.227763	0.061686
0.150312	0.318148
0.34474	0.47462
0.391395	0.695528
0.461195	0.481343
0.402377	0.66115
0.530594	0.64262
0.387294	0.422711
-0.299029	0.521598
-0.410019	0.261924
-0.490281	0.119886
-0.473186	-0.0632284
-0.509488	-0.0951121
-0.44538	-0.142094
-0.32107	-0.216537
-0.170553	-0.233797
-0.311088	-0.0117568
-0.0946247	0.133161
-0.100182	-0.079413
-0.0184879	-0.266547
-0.0704652	-0.476581
-0.0839365	-0.563026
-0.139691	-0.499732
-0.197354	-0.326374
-0.26331	-0.0871911
-0.281777	0.150991
-0.159638	-0.0101555
-0.318538	-0.39432
-0.0391428	-0.532833
-0.12967	-0.385973
-0.306055	-0.128181
-0.0790921	-0.282593
-0.357395	-0.179227
-0.192404	-0.0413469
-0.142609	-0.127527
-0.549281	0.0113992
-0.496426	0.105078
-0.2806	-0.152627
-0.241558	-0.149416
-0.12739	-0.101665
-0.171562	-0.136658
-0.239107	-0.062315
-0.266587	-0.236033
-0.739418	-0.0249432
0.000924064	0.0372354
0.10022	-0.0153976
0.0698224	0.028343
0.0933895	0.040781
0.18326	0.0777058
0.302729	0.158974
0.367729	0.278865
0.00922307	0.275624
-0.204752	0.277708
-0.335322	-0.196498
0.024373	-0.104734
-0.0844918	-0.17746
-0.227679	-0.103598
-0.267735	-0.151268
-0.816512	-0.276579
-1.18985	-0.387313
-0.912006	-0.255887
-0.561433	-0.0144886
-0.575386	0.0193723
-0.631099	-0.110385
-0.577023	-0.163772
-0.713333	-0.0519797
-0.581298	-0.109646
-0.511258	-0.0590002
-0.422534	0.162479
-0.259708	-0.14108
-0.181867	-0.219393
-0.324075	-0.146216
-0.26197	-0.0659246
-0.0976552	-0.0307657
-0.154407	-0.112139
-0.547271	-0.157853
-0.637462	-0.0768261
-0.646938	0.114076
-0.653387	0.310525
-0.737107	0.521944
-0.703893	0.62814
-0.631423	0.741652
-0.594671	0.844194
-0.651763	0.882641
-0.626449	0.813472
-0.664541	0.742509
-0.602214	0.556958
-0.44259	0.313964
-0.268311	0.268953
-0.490125	0.229533
-0.307509	0.385046
-0.224704	-0.04197
-0.272302	-0.111195
-0.448147	-0.106345
-0.556575	-0.0857319
-0.570432	0.016669
-0.630023	0.0673839
-0.639258	0.118554
-0.54048	0.244412
-0.520418	0.386073
-0.545755	0.473867
-0.197765	0.24834
-0.447245	0.235117
-0.687021	0.281114
-0.681902	0.133461
-0.778377	0.315541
-0.386834	0.00893346
-0.285352	-0.0749431
-0.350743	0.067991
-0.512906	0.0977252
-0.599833	0.0273788
-0.475822	-0.227327
-0.510564	-0.00590697
-0.490849	-0.0481344
-0.240167	-0.0727515
-0.507426	-0.0279071
-0.607173	-0.0664914
-0.605006	-0.171359
-0.59944	-0.157138
-0.733943	-0.225387
-0.267275	0.0325356
-0.644849	0.270025
-0.523059	0.259338
-0.0301538	0.156192
-0.681982	0.437318
-0.611959	0.267596
-0.673963	0.28816
-0.671496	0.315231
-0.515025	0.321581
-0.311634	0.12334
-0.0414422	0.0303385
0.196306	0.489515
0.187477	0.242594
-0.141186	0.157122
-0.449035	-0.0976102
-0.481676	-0.0861625
-0.634288	0.165231
-0.359181	0.32956
-0.0246829	0.287862
0.0877035	0.158162
0.211315	0.000161299
0.0179143	-0.172015
-0.297663	-0.260841
-0.411611	-0.383316
-0.531532	-0.286144
-0.559197	-0.291004
-0.573407	-0.325736
-0.577397	-0.38696
-0.401906	-0.496056
-0.343082	-0.549922
-0.120381	-0.5709
-0.182187	-0.15009
-0.174702	0.102784
-0.130414	0.0546684
-0.165228	-0.046301
-0.103012	-0.0836863
-0.142842	-0.149537
-0.0689187	-0.296334
-0.0709953	-0.36389
-0.172856	-0.612551
-0.229089	-0.519466
-0.251295	-0.481603
-0.320101	-0.472478
-0.284528	-0.464004
-0.162489	-0.477174
-0.0480811	-0.435956
-0.0857019	-0.34616
0.0464506	-0.26415
0.288282	-0.400235
0.197329	0.0907452
-0.0789571	0.098786
-0.16991	0.139328
-0.16489	-0.0602824
-0.155604	-0.198717
-0.0928681	-0.542725
0.354697	-0.690871
0.451708	-0.467826
0.199493	-0.33894
-0.0210425	-0.0941285
0.0326657	-0.341064
0.287678	-0.187742
0.223233	-0.266741
0.198875	-0.062921
0.435645	-0.154084
0.231797	-0.217494
0.214731	-0.406352
0.0825362	-0.347611
-0.0209183	-0.0038278
-0.136384	0.0766133
-0.202376	-0.415633
-0.501445	-0.178268
-0.247447	0.0501335
-0.169246	-0.0974122
-0.0882586	-0.0638537
-0.458695	0.053085
-0.0866665	0.175042
-0.0489463	-0.259422
-0.21421	-0.271686
-0.334952	-0.168511
-0.312069	-0.145943
-0.0653934	-0.194424
-0.0311812	-0.38226
0.129546	-0.293588
-0.0431246	-0.150517
0.050109	-0.337766
-0.0311696	-0.411604
-0.150505	-0.38232
-0.266823	-0.287229
-0.409737	-0.204924
-0.424105	-0.18269
-0.345575	-0.259497
-0.28169	-0.198332
-0.438574	-0.148452
-0.457535	-0.0725088
-0.288549	-0.0503977
-0.205323	-0.130481
-0.415106	0.0723694
-0.174141	-0.0677968
-0.0823414	-0.178507
-0.091293	0.0459524
-0.259412	0.0689862
-0.30001	0.0214564
-0.273394	-0.122905
-0.301784	-0.0847586
-0.419017	0.00867898
-0.165108	-0.183047
-0.316847	-0.0857682
-0.23128	0.0794057
-0.297169	-0.103598
-0.641531	-0.451468
-0.416971	-0.254694
-0.271042	-0.194809
-0.312807	-0.056325
-0.44071	-0.153316
-0.309929	-0.0400203
-0.29706	-0.201958
-0.0778716	-0.201563
-0.467059	-0.198983
-0.466101	-0.117168
-0.604101	-0.0971467
-0.344282	-0.218059
-0.314947	-0.279244
-0.282151	-0.136447
-0.114655	-0.33512
-0.299248	-0.408024
-0.417811	-0.164473
-0.499388	-0.352067
-0.452923	-0.416716
-0.554404	-0.181943
-0.564406	-0.0913808
-0.569602	-0.200367
-0.583517	-0.205778
-0.542061	-0.100259
-0.511436	-0.0282374
-0.323047	-0.0508912
-0.449935	0.175832
-0.274664	0.648606
-0.456223	0.753082
-0.435401	0.752986
-0.478775	0.821026
-0.366421	0.834742
-0.347122	0.869684
-0.269958	0.754547
-0.244977	0.731344
-0.253344	0.783338
-0.236302	0.822331
-0.270992	0.794942
-0.326967	0.723996
-0.268047	0.508539
-0.017743	0.201832
0.291806	0.121402
0.576906	0.105276
0.671766	0.356843
0.426033	0.454184
0.33361	0.481482
0.350083	0.273491
0.42157	0.267792
0.451234	0.363024
0.196966	0.147437
0.0848075	-0.0441858
-0.169571	-0.213571
-0.378376	-0.411585
-0.460567	-0.445416
-0.415915	-0.314342
-0.36948	-0.136424
-0.50077	0.163948
-0.57424	0.354108
-0.709701	0.456417
-0.763304	0.605491
-0.685332	0.689353
-0.574929	0.650402
-0.383107	0.408611
-0.405362	0.554978
-0.411731	0.434931
-0.451042	0.504533
-0.558388	0.448494
-0.562908	0.371889
-0.516297	0.386076
-0.346885	0.413488
-0.324191	0.498663
-0.152109	0.37107
0.217282	0.288594
0.268141	0.483941
0.168217	0.293527
0.16727	0.16502
-0.0262747	0.322516
0.150527	0.482563
0.0300875	0.390647
-0.305598	0.672593
-0.294164	0.773903
-0.394201	0.811412
-0.446834	0.784924
-0.607179	0.796952
-0.399931	0.610595
-0.104847	0.539421
-0.0115884	0.559832
-0.0284012	0.575948
-0.140389	0.696373
-0.0321929	0.316293
-0.141906	0.494264
-0.196726	0.253604
-0.162911	0.305676
-0.187892	0.493755
-0.0659722	0.303008
0.103416	0.249044
-0.278931	0.281977
-0.408861	0.405023
-0.451823	0.468825
-0.390763	0.510957
-0.36974	0.513044
-0.380989	0.547961
-0.39831	0.644693
-0.346639	0.695751
-0.214007	0.614383
-0.325027	0.615073
-0.506583	0.651029
-0.393558	0.617978
-0.467113	0.504399
-0.471403	0.476017
-0.533092	0.431254
-0.644179	0.415935
-0.551922	0.18843
-0.752374	0.0375612
-0.764362	-0.121204
-0.605904	-0.116734
-0.406881	0.0986833
-0.463346	0.427828
-0.560142	0.613737
-0.684378	0.722574
-0.563245	0.642078
-0.501962	0.633432
-0.373879	0.638494
-0.17215	0.485629
-0.119346	0.338034
-0.0472448	0.340617
-0.44277	0.413765
-0.587074	0.477646
-0.393498	0.861302
-0.248404	0.936524
-0.153191	0.913179
-0.187363	0.871108
-0.298544	0.803527
-0.357882	0.669759
-0.2753	0.487328
-0.140131	0.533067
-0.321002	0.624327
-0.19033	0.572855
-0.0510205	0.215041
-0.00289877	0.380779
-0.0613027	0.611107
-0.107323	0.446421
-0.283591	0.339367
0.0516853	0.519498
-0.0940606	0.595381
0.0806027	0.639488
0.283527	0.62562
0.423887	0.475979
0.322903	0.45333
-0.597825	0.260233
-0.505605	0.260006
0.446967	0.307903
0.647523	0.370266
0.566984	0.097617
0.287686	0.116211
-0.0222942	0.150236
-0.173995	0.234335
-0.270032	0.573994
-0.339394	0.746912
-0.361632	0.718924
0.078935	0.482622
0.0575973	0.564247
-0.000159971	0.508209
-0.013618	0.217821
-0.428837	0.146519
-0.462995	0.170341
-0.221474	0.0542044
-0.276713	0.156058
-0.687784	-0.0539458
-0.349186	-0.351952
-0.345131	-0.245319
-0.521751	-0.188452
-0.464875	-0.0101361
-0.534373	-0.21598
0.0667343	0.249053
-0.466227	0.654004
-0.450625	0.547735
-0.50142	0.696536
-0.441839	0.912986
-0.510394	0.825767
-0.360398	1.0454
-0.362142	1.03221
-0.328106	0.986353
-0.289273	0.889773
-0.427888	0.595555
-0.291354	0.384477
-0.241282	0.565948
-0.271864	0.546229
-0.385301	0.479232
-0.570701	0.647093
-0.662786	0.706239
-0.478651	0.385433
-0.380962	0.0860911
-0.189443	-0.0699845
0.00270332	-0.158479
0.129363	-0.0943015
0.188605	0.172195
0.127566	0.17387
-0.00822945	0.095269
-0.21893	0.120597
-0.317023	-0.097163
-0.35516	-0.137354
-0.205683	-0.227457
-0.183602	-0.204621
-0.993503	0.107459
-0.613842	0.169876
-0.745306	0.486368
-0.65147	0.691361
-0.42037	0.51573
-0.145706	0.194129
-0.290483	-0.151279
-0.536282	-0.264029
-0.854915	-0.113305
-0.853646	-0.199157
-0.753581	-0.0436882
-0.606335	0.0676488
-0.48934	0.142286
-0.501758	0.254308
-0.530525	0.276076
-0.634295	0.332605
-0.360822	0.530819
-0.395584	0.562828
-0.578708	0.558394
-0.342637	0.408024
-0.424338	0.520187
-0.334448	0.463931
-0.333598	0.522995
-0.329919	0.466837
-0.610208	0.403019
-0.416251	0.359497
-0.548711	0.385384
-0.365002	0.568131
-0.352218	0.401223
-0.167131	0.461735
-0.238511	0.486542
-0.338454	0.569017
-0.349191	0.592144
-0.255296	0.511723
0.0549266	0.394508
-0.0527602	0.0257036
-0.305272	-0.0846801
-0.582744	-0.394992
-0.285173	-0.589307
-0.173609	-0.125357
-0.449681	-0.171912
-0.36057	-0.0774097
-0.446333	-0.110301
-0.373047	-0.117572
-0.156946	-0.338823
-0.0708828	-0.101057
-0.228105	-0.116172
-0.464731	0.0320202
-0.0712563	-0.00374615
-0.17036	-0.0249403
-0.212989	-0.0536066
-0.134516	-0.131868
-0.0346639	-0.241687
0.0149535	-0.176855
-0.186257	-0.262528
-0.0498736	-0.208729
0.0148095	-0.0881738
-0.383893	0.136736
-0.474128	-0.177028
-0.227175	-0.108691
-0.188499	-0.27498
-0.322969	-0.193755
-0.0939691	-0.518269
0.117287	-0.463745
0.0328431	-0.336437
-0.0320814	-0.356507
-0.27778	-0.0934915
-0.233323	0.153294
-0.269176	-0.0341006
-0.202403	-0.135076
-0.260587	-0.19022
-0.457919	0.0315637
-0.266048	-0.13539
-0.36289	-0.113954
-0.286577	-0.100207
-0.441926	-0.0406218
-0.528523	0.0153001
-0.550767	-0.202603
-0.461075	-0.0704412
-0.449194	-0.195481
-0.480294	-0.205129
-0.263902	-0.194826
-0.534196	-0.100664
-0.438045	-0.133101
-0.47966	-0.22401
-0.333594	-0.306573
-0.283786	-0.159605
-0.406306	-0.194735
-0.342862	-0.221547
-0.574098	-0.181869
-0.387421	-0.15626
-0.527245	-0.0908063
-0.478025	0.0183556
-0.458179	0.380498
-0.459318	0.102736
-0.343213	-0.0826095
-0.109789	0.00825051
-0.451345	0.0827495
-0.389066	-0.0102829
-0.418001	-0.0651688
-0.185824	-0.247604
-0.158348	-0.0043854
-1.10336	0.0932396
-1.4542	-8.9837e-05
-0.972099	0.279454
-0.547629	0.520102
-0.700285	0.169747
-0.778171	0.0474238
-0.74591	-0.106716
-0.661163	-0.165403
-0.528508	-0.143594
-0.295944	0.0365773
-0.195449	0.434073
-0.174298	0.398873
-0.225727	0.178073
-0.291438	-0.12228
-0.400403	-0.104934
-0.560792	-0.080404
-0.585406	0.00392876
-0.526432	0.119077
-0.628504	0.299754
-0.412091	0.307611
-0.207715	0.242719
0.0822631	0.159063
0.130461	0.0682571
0.164143	0.22594
0.261419	0.231581
0.156671	0.297896
0.0717658	0.347786
-0.191737	0.447262
-0.242537	0.554244
-0.340387	0.498093
-0.369134	0.529794
-0.376418	0.475351
-0.358751	0.273674
-0.351866	0.126412
-0.298314	0.153624
-0.250613	0.319985
-0.220908	0.337313
-0.203725	0.367503
-0.204782	0.384174
-0.152305	0.394609
-0.0860366	0.383218
-0.0625293	0.41705
-0.081913	0.380571
-0.0925905	0.442158
-0.0811609	0.325902
-0.00984735	0.640984
-0.000146012	0.604714
-0.0536841	0.476941
0.00459887	0.514685
-0.32057	0.416997
-0.384335	0.611789
-0.236448	0.709326
-0.195545	0.762766
-0.228722	0.809367
-0.268896	0.836688
-0.255379	0.879881
-0.210946	0.875092
-0.245414	0.797186
-0.389612	0.809408
-0.26867	0.693548
-0.256664	0.743927
-0.208804	0.71633
-0.192623	0.760208
-0.0660824	0.715113
-0.0279803	0.707255
-0.0695651	0.730373
-0.0487964	0.833859
-0.132252	0.77311
-0.170842	0.758257
-0.490106	0.830456
-0.405882	0.989836
-0.345394	1.11214
-0.439977	1.05773
-0.453069	1.0108
-0.455813	0.998732
-0.362806	0.96346
-0.295393	0.930432
-0.221845	0.914049
-0.131426	0.948597
8.69357e-06	0.883779
0.151896	0.904368
0.0936191	0.938597
0.145781	0.88431
0.194218	0.804626
0.0410427	0.804277
-0.103703	0.785366
-0.237875	0.848839
-0.314284	0.746917
-0.386276	0.544373
-0.541572	0.258346
-0.60503	0.139388
-0.60112	-0.085875
-0.573742	-0.164638
-0.424872	0.0265441
-0.619007	0.581494
-0.437536	0.583627
-0.429913	0.570466
-0.375764	0.601386
-0.399042	0.4995
-0.432868	0.366878
-0.387791	0.417223
-0.381232	0.182477
-0.466969	-0.328527
-0.72323	-0.0670278
-0.520342	0.121353
-0.487308	0.0768843
-0.366047	-0.0527395
-0.225933	0.0768117
-0.352078	-0.152353
-0.399655	-0.161262
-0.465604	-0.116352
-0.60537	-0.053164
-0.591527	0.00251493
-0.59941	0.106172
-0.598134	0.214551
-0.617051	0.338627
-0.655072	0.596817
-0.709204	0.827646
-0.741548	0.86711
-0.742344	0.855258
-0.669799	0.800075
-0.897938	0.895048
-0.778238	0.957918
-0.664322	0.962411
-0.737003	1.03773
-0.644293	0.996475
-0.625018	0.936346
-0.54867	0.871143
-0.602052	0.771597
-0.476392	0.527179
-0.451347	0.384984
-0.633742	0.372632
-0.717124	0.218942
-0.667303	0.162944
-0.226135	-0.213054
-0.22576	-0.215591
-0.331159	-0.11739
0.469649	0.122615
0.527897	0.32784
0.291238	0.505816
0.272272	0.591714
0.123262	0.605954
0.0986987	0.512947
0.0746721	0.664468
0.0779462	0.632663
0.0822536	0.681838
0.15514	0.835795
-0.00488838	0.4614
-0.274259	0.394438
-0.230636	0.211756
-0.207492	0.29045
-0.301899	0.0857922
-0.349246	0.283051
-0.408743	0.233496
-0.413975	0.244957
-1.03675	0.239053
-0.352237	0.345518
-0.200429	0.357776
-0.0526277	0.237653
-0.117931	0.255946
-0.0227046	0.286259
-0.223469	0.257454
-0.545495	0.384962
-0.455722	0.731529
-0.391535	0.801628
-0.496732	0.73042
-0.670747	0.610031
-0.628866	0.297686
-0.192909	0.013977
-0.391035	0.25351
-0.294671	0.391891
-0.210709	0.321572
-0.0779653	0.486082
0.0174085	0.228953
-0.190976	0.431501
-0.0913171	0.383155
-0.106047	0.501692
-0.399197	0.50103
-0.592737	0.615296
-0.535387	0.651117
-0.504016	0.642131
-0.505408	0.53232
-0.502472	0.335061
-0.551325	0.219679
-0.594981	0.174968
-0.682592	0.135464
-0.67147	0.136142
-0.526563	-0.0378615
-0.34595	-0.0870626
-0.329359	-0.0553049
-0.621382	0.246432
-0.500654	0.369056
-0.458393	0.486204
-0.428599	0.510425
-0.424486	0.474578
-0.486924	0.561137
-0.336536	0.479824
-0.35212	0.502892
-0.437084	0.535715
-0.326911	0.421161
-0.264251	0.523605
-0.241848	0.446924
-0.136667	0.510052
0.0276242	0.722567
-0.368513	0.578919
-0.173942	0.376754
-0.257111	0.513255
-0.262407	0.507621
-0.441135	0.467974
-0.31169	0.388301
-0.44245	0.474756
-0.519293	0.409892
-0.273354	0.177183
-0.265054	-0.0603348
-0.615717	-0.202205
-0.628312	0.150568
-0.46559	0.181295
-0.0726867	0.215533
0.219674	-0.0634857
0.0782453	-0.142898
-0.0120868	-0.0840161
0.0614034	0.203587
0.108958	0.0237004
-0.0469258	-0.0591147
-0.231806	0.00779684
0.0994647	-0.168405
-0.104141	-0.0268321
0.0833183	-0.00144348
0.102047	-0.165173
0.0398857	-0.0271923
-0.133233	0.283916
-0.170781	0.158723
-0.0564636	-0.0363052
-0.0355197	-0.0356945
0.0395662	-0.0225877
0.124471	-0.0612136
0.0124481	0.068194
-0.112208	0.159458
-0.316695	0.0960829
-0.27167	-0.203476
-0.368758	0.0971178
-0.387714	0.49739
-0.451775	0.377249
-0.656381	0.191669
-0.449849	-0.0615265
-0.180893	-0.162948
-0.278447	0.0296237
-0.120095	-0.155872
-0.280554	-0.0275955
-0.346634	0.235596
-0.24389	0.0528069
-0.200694	-0.0277807
-0.33669	0.0303177
-0.396484	-0.0196848
-0.385543	0.0285284
-0.438964	0.0264452
-0.419888	0.262558
-0.433161	-0.1988
-0.34238	0.0188483
-0.490283	-0.0764611
-0.345026	-0.052343
-0.348999	-0.147944
-0.205205	-0.128735
-0.309429	0.00390358
-0.365228	-0.0348519
-0.373752	-0.18985
-0.473319	-0.149983
-0.506684	-0.233611
-0.404416	-0.0144162
-0.436778	-0.061346
-0.389836	-0.0706905
-0.300385	0.193396
-0.458512	-0.0318499
-0.449403	-0.0833766
-0.340628	-0.176643
-0.24774	-0.098724
-0.415058	-0.164986
-0.346628	-0.100739
-0.478527	-0.252924
-0.41842	-0.127925
-0.292212	-0.0680964
-0.581244	-0.217169
-0.584289	-0.0589064
-0.38214	0.010664
-0.416572	-0.28233
-0.447976	-0.0903815
0.0444404	0.36051
0.222686	0.554404
0.017944	0.554448
-0.198314	0.617855
-0.144445	0.270613
-0.207469	-0.0618537
-0.179161	-0.231474
-0.169074	-0.286649
-0.154243	-0.233876
-0.24114	-0.0654169
-0.237685	0.112998
-0.270747	0.276611
-0.212416	0.429424
-0.112038	0.542028
-0.193593	0.652337
-0.269786	0.647777
-0.339666	0.605925
-0.444229	0.499853
-0.463656	0.359236
-0.454913	0.216849
-0.418211	0.110803
-0.559399	-0.0294714
-0.676461	-0.127609
-0.595331	-0.219277
-0.492413	-0.214553
-0.603149	-0.155024
-0.560832	-0.184541
-0.272331	-0.375788
-0.359186	-0.381551
-0.300139	-0.221647
-0.333795	-0.347114
-0.519157	-0.389763
-0.520346	-0.398133
-0.594267	-0.346089
-0.758901	-0.22071
-0.825261	-0.0490617
-0.761344	-0.0700241
-0.804211	0.0522926
-0.646543	-0.0890608
-0.536913	-0.0731249
-0.410213	-0.0524138
-0.2892	-0.093302
-0.382502	-0.156663
-0.194553	-0.0544856
-0.208039	-0.0614446
-0.0928043	-0.0957818
-0.107834	-0.131257
-0.234703	-0.104398
-0.269305	-0.146711
-0.316225	-0.127434
-0.0819122	-0.242947
0.219962	-0.251786
-0.195874	-0.160658
-0.232568	-0.294907
0.245412	-0.390232
0.137634	-0.275136
0.195523	-0.238831
0.229199	-0.324221
0.139857	-0.395216
0.240653	-0.240898
0.097937	-0.239938
0.0841746	-0.2931
-0.0875687	-0.372909
-0.34209	-0.343722
-0.460327	-0.33836
-0.493309	-0.302421
-0.717324	-0.105635
-0.617865	-0.166586
-0.629975	-0.128567
-0.66767	-0.0149868
-0.738779	-0.00252768
-0.81863	-0.0125062
-0.562715	0.147715
-0.370437	-0.00668078
-0.355172	-0.0757742
-0.329076	-0.193539
-0.278966	-0.254564
-0.537733	-0.00812536
-0.456832	-0.245094
-0.468529	-0.307398
-0.561987	-0.125985
-0.557042	-0.15639
-0.601847	-0.285837
-0.498243	-0.216142
-0.272621	-0.296365
-0.439904	-0.0198021
-0.525779	0.109248
-0.435489	-0.073345
-0.312255	-0.0777066
-0.6003	-0.0469233
-0.253859	-0.0653831
-0.242796	0.0095211
-0.339609	-0.0134674
-0.51075	-0.0526191
-0.442756	-0.00546119
-0.542248	0.0203059
-0.376779	0.121899
-0.429577	0.14313
-0.326576	0.0491128
-0.39347	0.128841
-0.373056	-0.018683
-0.312486	0.0138062
-0.322192	0.0280171
-0.32675	-0.000114098
-0.448717	-0.0177118
-0.453128	-0.0619647
-0.394671	0.0274723
-0.268167	0.0382681
-0.306975	0.151757
-0.428855	0.0424394
-0.489236	0.108548
-0.406063	0.0099177
-0.439913	0.225797
-0.181928	0.0696801
-0.0573778	0.0233232
-0.0692434	0.0185857
-0.281194	0.215747
-0.200115	0.0950915
-0.0941534	-0.0248499
-0.375463	-0.213338
-0.224155	-0.275962
-0.569171	-0.265598
-0.504986	-0.241255
0.156639	-0.227208
0.029159	-0.240202
-0.249892	0.00214193
-0.200337	-0.170139
-0.235671	-0.117821
-0.311425	0.00439484
-0.245566	-0.106625
-0.269413	-0.174381
-0.265861	-0.195367
-0.222769	0.157889
-0.375702	-0.311357
-0.231378	0.0344291
-0.271738	-0.0374167
-0.368547	-0.149837
-0.28184	-0.136944
-0.0534158	0.0312368
-0.0733274	-0.0193769
-0.110332	-0.00500574
-0.204029	-0.0758838
-0.357302	-0.264388
-0.160829	0.197848
-0.248316	0.428033
-0.396248	0.121768
-0.253103	-0.0567126
-0.339525	-0.00662181
-0.227528	0.101758
0.0773686	0.466644
0.11277	0.646591
0.132686	0.808685
0.00547534	0.85128
0.106555	0.666888
0.0594303	0.769928
0.0767667	0.992141
0.00961415	1.04229
-0.215187	0.948895
-0.111048	0.657234
0.0241248	0.619487
0.0185094	0.655547
-0.0105725	0.782514
-0.133012	0.890149
-0.185653	0.357696
-0.327784	0.236449
-0.12861	0.501489
-0.169982	0.361341
-0.298813	0.324641
-1.06511	-0.603626
-1.02404	-0.545957
-0.687332	-0.140806
-0.466927	0.262127
-0.287563	0.591605
-0.398778	0.537234
-0.34016	0.25779
-0.231154	0.0305709
-0.17687	-0.17899
-0.0203267	-0.279139
-0.0632541	-0.0674245
-0.664931	0.225134
-0.477888	0.690311
-0.265109	0.753591
-0.00768561	0.657772
-0.115555	0.716169
-0.279424	0.767931
-0.424022	0.753826
-0.536548	0.550955
-0.701437	0.383211
-0.510435	0.28722
-0.315591	0.235851
0.066557	0.23271
-0.145762	0.377332
0.300605	-0.101852
0.385406	-0.219656
0.388144	-0.130002
-0.116122	0.0575829
0.0814098	0.0317388
-0.111007	0.100007
-0.367418	0.255817
-0.461806	0.352582
-0.502538	0.360359
-0.418749	0.403055
-0.408332	0.486686
-0.502298	0.493209
-0.529471	0.383794
-0.514904	0.402849
-0.431101	0.420774
-0.40302	0.450498
-0.344631	0.491266
-0.274388	0.457509
-0.0839914	0.176805
-0.104355	0.196235
-0.0995423	0.193056
-0.103216	0.176282
-0.0582522	0.126182
0.0238224	0.0376121
0.0647195	-0.0217276
-0.261131	0.289153
-0.316165	0.300236
-0.361472	0.228033
-0.387592	0.0294146
-0.43986	-0.0128221
-0.444988	0.0424722
-0.303678	0.133982
0.176907	-0.029034
0.0469608	0.0715762
-0.111907	-0.138291
-0.0896617	-0.216554
-0.546894	-0.277136
-0.508101	-0.286323
-0.492259	-0.0438605
-0.525953	-0.191614
-0.621899	-0.0971266
-0.777653	-0.201196
-0.948304	-0.114329
-0.874011	-0.10655
-0.851556	-0.401108
-0.419066	-0.00661703
-0.545634	-0.24774
-0.625192	-0.176772
-0.650197	-0.0200263
-0.572	0.138187
-0.528179	0.268082
-0.431783	0.50734
-0.304639	0.632554
-0.166676	0.621966
-0.1895	0.624263
-0.212348	0.680431
-0.269193	0.651174
-0.308295	0.63435
-0.404469	0.476739
-0.488357	0.180708
-0.461227	-0.0965443
-0.331396	-0.325451
-0.115766	-0.366712
0.080609	0.0606391
0.00278254	0.085589
-0.00953337	0.0602777
0.0586196	0.108688
0.0339248	0.208663
0.00149603	0.250978
0.0275273	0.305452
0.0962256	0.39488
0.117325	0.341838
0.00994963	0.353523
0.120228	0.426567
0.141331	0.106016
0.204051	-0.421508
-0.0377805	-0.544701
-0.217673	-0.631093
-0.342255	-0.623001
-0.294506	-0.661115
-0.332381	-0.638526
-0.408802	-0.665765
-0.500398	-0.642884
-0.54132	-0.639362
-0.58296	-0.596378
-0.661972	-0.533664
-0.739623	-0.420442
-0.738692	-0.338685
-0.595616	-0.344747
-0.488795	-0.271351
-0.405681	-0.247896
-0.383222	-0.246394
-0.342836	-0.258355
-0.378257	-0.25397
-0.407778	-0.275027
-0.493643	-0.325275
-0.567932	-0.335068
-0.597973	-0.383509
-0.630893	-0.401806
-0.633265	-0.431325
-0.661825	-0.419633
-0.658298	-0.380715
-0.695987	-0.344397
-0.703125	-0.293787
-0.727908	-0.225125
-0.671691	-0.187913
-0.739793	-0.154796
-0.712833	-0.0952796
-0.790461	0.0505731
-0.821002	0.0716948
-0.707944	0.197242
-0.736924	0.346218
-0.803294	0.468704
-0.66557	0.442656
-0.744628	0.553855
-0.672864	0.448803
-0.623853	0.485401
-0.619164	0.570729
-0.702576	0.515986
-0.744723	0.471402
-0.145578	0.388719
0.000431602	0.200167
-0.168511	-0.0542111
-0.479778	0.00469414
-0.494674	-0.16879
-0.42371	0.0657039
-0.611851	-0.0568062
-0.450899	-0.204594
-0.550969	-0.151274
-0.433564	-0.258942
-0.46464	-0.093978
-0.514637	-0.106639
-0.467353	-0.0770625
-0.755836	0.0198755
-0.722561	-0.151422
-0.647749	-0.212078
-0.678132	0.0453189
-0.507653	0.243176
-0.844256	0.197379
-0.91022	0.200352
-0.808535	0.134709
-0.715172	0.0393293
-0.755405	0.0750904
-0.736531	0.131055
-0.67325	0.0997176
-0.704462	0.108469
-0.715655	0.0902534
-0.706798	0.026395
-0.624824	-0.0530111
-0.595908	-0.171349
-0.562806	-0.13005
-0.899807	0.0695914
-0.507339	-0.179503
-0.351702	-0.23402
-0.598448	0.0838099
-1.25629	0.047235
-0.780203	0.0414985
-1.35261	0.0516397
-1.14043	0.099024
-0.770493	-0.13898
-0.772734	-0.0517194
-0.697956	-0.0172563
-0.795544	0.104666
-0.748789	-0.0675968
-0.625049	-0.272366
-0.626662	-0.0321731
-0.734577	-0.0529922
-0.678282	-0.0488703
-0.500105	-0.173791
-0.490207	-0.0865469
-0.562511	-0.153551
-0.493865	-0.0123011
-0.546093	-0.0602013
-0.175667	-0.26667
-0.544813	-0.0903693
-0.28986	-0.138843
-0.358931	-0.265034
-0.347818	-0.0882271
-0.264887	-0.225037
-0.545181	-0.101816
-0.345764	0.107698
-0.506237	-0.22522
-0.389555	-0.047811
-0.21599	0.00423734
-0.297859	-0.214574
-0.248375	-0.0888049
-0.351774	-0.0555338
-0.217252	-0.12112
-0.494916	-0.175269
-0.180091	-0.147514
-0.529481	-0.141753
-0.674876	-0.166604
-0.181397	-0.423177
-0.249211	-0.490215
-0.291267	-0.510009
-0.331578	-0.329281
-0.515793	0.00483978
-0.650899	0.251725
-0.276076	0.158331
-0.687085	0.23557
-1.42273	0.0851843
-0.862398	0.337032
-0.528411	0.350617
-0.456968	-0.141149
-0.443218	-0.212327
-0.469059	-0.281757
-0.4407	-0.0558845
-0.31615	-0.282887
-0.415413	-0.237643
-0.596761	-0.4276
-0.402884	-0.116512
-0.210388	-0.0109215
-0.625331	0.239748
-0.591935	0.0782009
-0.100521	0.0918874
-0.385944	0.143242
-0.601084	0.156452
-0.750292	0.0925944
-0.725064	0.109281
-0.685335	0.216058
-0.610361	0.326744
-0.602908	0.379126
-0.809025	0.347907
-0.877467	0.114211
-0.482391	-0.0610114
-0.475041	-0.0526589
-0.406681	0.0784389
-0.210926	0.144103
-0.000946803	0.115018
0.0256073	-0.0290092
-0.310111	-0.245891
-0.456514	-0.228163
-0.470255	-0.209967
-0.39994	-0.233919
-0.326082	-0.196996
-0.237317	-0.195572
-0.0620241	0.133227
-0.0942408	0.10431
-0.142842	0.0923974
-0.12791	0.083043
-0.114698	-0.0448375
-0.287924	-0.294066
-0.376797	-0.292199
-0.420062	-0.212144
-0.502015	-0.10367
-0.204174	-0.037463
0.172539	-0.168888
-0.14567	-0.22582
-0.366993	-0.133552
-0.353112	-0.119511
-0.480381	-0.238082
-0.352658	-0.388277
-0.410273	-0.149003
-0.552419	-0.137665
-0.458029	-0.498291
-0.827325	-0.396894
-0.726125	0.00263526
-0.64623	0.158711
-0.686042	0.156107
-0.579687	0.00548258
-0.604316	0.0336263
-0.696087	0.181366
-0.720999	0.4066
-0.824102	0.663859
-0.526465	0.361632
-0.636765	0.0193475
-0.608532	-0.09611
-0.71466	-0.0983476
-0.541876	0.0664576
-0.27324	0.47013
-0.478091	0.562503
-0.418236	0.52634
-0.281386	0.52707
-0.260047	0.535015
-0.254431	0.490784
-0.313584	0.6721
-0.275808	0.847181
-0.203831	0.934225
-0.217799	0.955986
-0.15737	0.893606
-0.0750596	0.685401
-0.506698	0.717828
-0.861435	0.431105
-0.405983	0.267265
-0.352863	0.347877
-0.419139	0.0743662
-1.36288	-0.528127
-1.23362	-0.455818
-0.44079	-0.233958
-0.407756	-0.12249
-0.480453	-0.21839
-0.250579	-0.176511
-0.305504	-0.00129205
-0.344167	-0.293244
-0.402832	-0.123545
-0.242031	-0.0181996
0.0691535	-0.0444135
-0.134439	0.102675
-0.274409	0.167573
-0.299609	0.180942
-0.59007	0.0446995
-0.616262	-0.131732
-0.328242	-0.0301515
-0.363037	-0.143088
-0.126329	-0.0485791
-0.375243	-0.046256
-0.909185	-0.135705
-0.751615	-0.157436
-0.729699	-0.201734
-0.615642	-0.314602
-0.713984	-0.253535
-0.723377	-0.0816659
-0.726005	0.019664
-0.688316	0.135771
-0.675379	0.106075
-0.546015	0.149727
-0.577223	-0.172103
-0.507587	-0.259805
-0.991921	-0.0257813
-1.23923	-0.175672
-0.922718	0.162244
-0.685198	0.151881
-0.746908	0.0715353
-0.72557	-0.0568324
-0.753163	-0.0217187
-0.752541	0.0481562
-0.772102	0.0393085
-0.448912	0.181252
-0.0392979	0.0925838
-0.21906	0.0288843
-0.64035	-0.17914
-0.593875	-0.189021
-0.492249	-0.205812
-0.741898	-0.106902
-0.519584	-0.0781866
-0.435234	-0.00406595
-0.642874	-0.0338585
-0.825791	-0.235798
-0.688547	0.00882194
-0.513693	-0.0758421
-0.887982	-0.10558
-0.810134	-0.0275153
-0.472288	-0.0010592
-0.623634	-0.0603853
-0.709205	-0.0947593
-0.66024	-0.178259
-0.688401	-0.109766
-0.687028	-0.106927
-0.65531	-0.144311
-0.645922	-0.0527473
-0.669425	0.0991121
-0.55687	0.206681
-0.42681	0.430278
-0.302554	0.443906
-0.280524	0.467831
-0.146274	0.517293
-0.0323431	0.448872
0.139159	0.40032
-0.043296	0.331236
-0.651287	-0.109124
-0.31197	-0.231167
0.0062805	-0.445309
-0.198446	-0.141455
-0.220871	-0.0942224
-0.469649	-0.162984
-0.692968	-0.0925159
-0.560856	0.0577937
-0.795027	0.149871
-0.923099	0.0181303
-0.45864	0.279218
-0.734273	0.124122
-0.76682	0.11231
-0.562637	-0.0698303
-0.308034	-0.15977
-0.309839	-0.0692073
-0.65802	0.239047
-0.511098	0.439163
-0.101611	0.0785104
-0.467384	-0.137207
-0.263221	-0.309215
-0.289036	-0.105365
-0.46645	-0.328228
-0.685627	-0.184647
-0.522251	0.0432223
-0.449907	0.567857
-0.385312	0.603773
-0.376209	0.548473
-0.429871	0.440348
-0.455542	0.309252
-0.342978	0.110371
-0.260575	-0.0297854
-0.242211	-0.152556
-0.29175	-0.232781
-0.304547	-0.380602
-0.366666	-0.497977
-0.267685	-0.549454
-0.237765	-0.529606
-0.166852	-0.405897
-0.0780256	-0.222938
-0.107497	-0.0459561
-0.150571	0.0366478
-0.197958	-0.00560713
-0.0729459	0.265138
-0.0210661	0.231825
-0.0334371	0.160232
-0.153279	0.164159
-0.21747	0.057978
-0.161245	0.055682
-0.145951	0.0400242
-0.190127	-0.346404
-0.258816	-0.549364
-0.389605	-0.59356
-0.473899	-0.608796
-0.574228	-0.551675
-0.710851	-0.401188
-0.72823	-0.435499
-0.700378	-0.42593
-0.679691	-0.256004
-0.656438	-0.0438126
-0.493861	0.163267
-0.245535	0.0813479
-0.0566643	-0.0137246
-0.226173	-0.179274
-0.539882	-0.434326
-0.581832	-0.340919
-0.610956	-0.323393
-0.39403	-0.411325
-0.54886	-0.376426
-0.749116	-0.250443
-0.537407	-0.404686
-0.462468	-0.204759
-0.339345	-0.0176366
-0.524991	-0.0118989
-0.203912	0.00403919
-0.434546	-0.117035
-0.361068	-0.0397648
-0.497795	-0.0800142
-0.556491	-0.141792
-0.597533	-0.240161
-0.176444	-0.303725
-0.00917278	-0.257653
-0.265569	-0.165115
-0.329174	-0.039238
-0.266668	0.0876631
-0.43969	0.265593
-0.656904	-0.0175093
-0.65954	0.0977856
-0.608342	0.19895
-0.553954	0.188738
-0.732934	0.181018
-0.385766	0.155217
-0.387301	0.147477
-0.411079	0.229947
-0.612604	0.339846
-0.611636	0.229824
-0.691622	0.218024
-0.600865	0.191648
-0.354939	0.201987
-0.55647	0.212933
-0.695513	-0.00434911
-0.521152	-0.0374618
-0.4171	-0.015247
-0.426988	-0.066122
-0.164299	-0.0299147
-0.340493	-0.204927
-0.180363	-0.0643456
-0.249533	-0.0952628
-0.33224	-0.178874
-0.276668	0.125237
-0.304314	-0.149666
-0.380815	-0.246184
-0.509736	-0.166193
-0.478317	-0.122437
-0.424053	-0.153639
-0.450757	-0.0695696
-0.449074	-0.160744
-0.333849	0.0210208
-0.542621	-0.0470209
-0.439598	-0.106787
-0.472701	-0.12695
-0.398517	-0.306375
-0.344505	0.00264723
-0.363409	-0.364293
-0.213392	-0.0211018
-0.351867	-0.23416
-0.487641	-0.199389
-0.206088	0.0374955
-0.19551	0.0224376
-0.203819	-0.113392
-0.294145	-0.00885796
-0.56668	-0.159556
-0.57561	-0.117519
-0.368522	-0.153168
-0.376565	-0.0519733
-0.382835	-0.219441
-0.289734	-0.252487
-0.0999282	0.0190765
-0.339998	-0.104796
-0.396469	-0.00531626
-0.567093	-0.206722
-0.61811	0.0304699
-0.612869	0.0757913
-0.638053	0.180157
-0.5403	-0.0166827
-0.501206	0.124433
-0.398352	0.224817
-0.464813	0.372584
-0.55625	0.318656
-0.635291	0.465828
-0.762518	0.376255
-0.54933	0.297488
-0.405203	0.341932
-0.473457	0.281437
-0.686587	0.468688
-0.4932	0.731809
-0.403394	0.569593
-0.188675	0.620189
0.0903448	0.568976
0.0220862	0.793375
0.083866	0.751308
0.161429	0.334154
0.210422	0.378975
0.316998	0.55567
0.248081	0.683453
0.286786	0.680279
0.095724	0.540227
-0.10394	0.386212
-0.234863	0.356681
-0.410134	0.349344
-0.488409	0.249099
-0.673845	0.278367
-0.538882	0.110693
-0.267947	-0.0994613
-0.0246299	-0.236163
0.0598287	-0.296096
0.0605101	-0.262856
0.131058	-0.114171
0.0575289	0.151661
-0.0175044	0.356161
-0.0534812	0.478728
-0.216112	0.646175
-0.461416	0.684968
-0.620502	0.553958
-0.350458	0.341645
-0.0900646	0.367615
0.0126511	0.193562
0.0674981	-0.0910182
-0.0495747	-0.306656
-0.369522	-0.385734
-0.45527	-0.379697
-0.465765	-0.169975
-0.494824	-0.0558146
-0.581461	0.234782
-0.579681	0.446369
-0.538048	0.411892
-0.277785	0.333299
-0.350138	0.281967
-0.52202	-0.0738508
-0.255028	-0.0234418
-0.174351	-0.0114039
-0.127596	-0.0781686
-0.167831	-0.0456959
-0.285511	-0.0868376
-0.112973	-0.152659
-0.327086	-0.144774
-0.42524	0.0773766
-0.484497	0.300069
-0.75966	0.191087
-0.549664	0.364453
-0.845058	0.329054
-0.882843	0.418289
-0.724759	0.510542
-0.498559	0.478625
-0.385809	0.471328
-0.470954	0.381577
-0.764256	0.620532
-0.89355	0.613118
-0.901294	0.629947
-0.830704	0.641945
-0.685858	0.575517
-0.376793	0.524469
-0.0672906	0.470563
0.247284	0.403497
0.118777	0.44094
0.178601	0.133957
0.181465	0.161501
0.123684	0.432571
0.0545387	0.131305
0.214005	0.497716
-0.0482095	0.648911
-0.304551	0.682319
-0.255572	0.767873
-0.182278	0.730622
-0.148293	0.674643
-0.247267	0.691845
-0.307029	0.775309
-0.313375	0.730371
-0.157783	0.741994
0.405664	0.351286
-0.000876678	0.104103
-0.229788	0.0777498
-0.0417364	0.177869
0.0167939	0.290365
-0.0605779	0.113458
-0.33888	0.0667395
-0.249106	-0.101925
-0.0764492	-0.120056
-0.492404	-0.180445
-0.237989	0.302916
-0.331765	0.752139
-0.428544	0.64338
-0.470218	0.730315
-0.521034	0.705885
-0.386507	0.573529
-0.630601	0.389966
-0.562093	0.144983
-0.60677	0.232882
-0.33122	0.314841
-0.374637	0.438067
-0.803323	0.214308
-1.1844	0.182141
-0.760242	0.415335
-0.217133	0.604884
-0.208602	0.669494
-0.100536	0.569638
-0.44104	0.269545
-0.638286	0.554681
-0.647776	0.714569
-0.609754	0.640357
-0.658674	0.571669
-0.697477	0.456723
-0.284645	0.246422
-0.421276	0.24647
-0.566	-0.145568
-0.537765	-0.00361691
-0.12666	0.0705689
-0.17767	-0.0919666
-0.250843	-0.312162
-0.00915426	-0.0712469
-0.0488208	0.154102
-0.0845418	0.122539
-0.113328	0.00761461
-0.412878	0.0790843
-0.816195	0.00480178
-1.25951	0.220129
-0.548941	0.207964
-0.43276	0.68304
-0.431737	0.532255
-0.607509	0.507469
-0.385742	0.241151
-0.342432	0.0735357
-0.326644	0.372995
-0.649937	0.695568
-0.570728	0.604644
-0.18429	0.332367
0.00904332	0.161544
-0.159963	0.274013
-0.417312	-0.0176188
-0.540535	-0.247612
-0.572935	-0.349233
-0.577798	-0.421019
-0.604061	-0.404027
-0.553321	-0.400985
-0.641779	-0.289323
-0.858598	-0.283186
-0.808337	-0.161712
-0.630011	-0.0291109
-0.400946	0.0631205
-0.366234	0.203625
-0.343097	0.0453596
-0.287834	0.0432416
-0.350484	-0.279251
-0.32573	-0.139133
-0.173856	-0.0731013
-0.290152	-0.13679
-0.536442	-0.178794
-0.650219	-0.272526
-0.512724	-0.319562
-0.287249	-0.0404431
-0.310401	-0.0141329
-0.656189	-0.184932
-0.364227	-0.0167473
-0.304172	-0.0675838
-0.334612	-0.118306
-0.504876	0.0199641
-0.282018	-0.0349275
-0.372998	-0.316872
-0.523233	-0.134661
-0.299717	-0.0340981
-0.397749	0.136005
-0.222521	0.134613
-0.295799	0.0238365
-0.477474	0.214071
-0.429595	0.00247442
-0.115352	0.0562312
-0.254975	-0.137744
-0.378189	-0.0561436
-0.265641	-0.302334
-0.315402	0.116541
-0.135815	0.0404753
-0.284195	0.00373608
-0.229609	0.0612277
-0.13365	0.031029
-0.345102	-0.0995333
-1.28878	-0.0582804
-1.34239	-0.0332589
-0.918452	0.285953
-0.547402	0.271759
-0.741036	0.143111
-0.794233	0.0196382
-0.700164	-0.118258
-0.643293	-0.216006
-0.672551	-0.227542
-0.674595	-0.236987
-0.652605	-0.236318
-0.656155	-0.163785
-0.621543	-0.104583
-0.590573	-0.116971
-0.533779	-0.151077
-0.494991	-0.0526191
-0.547078	0.135625
-0.199331	0.336439
0.00276823	0.420971
0.164276	0.344459
0.161265	0.170336
0.191099	0.155981
0.312502	0.131255
0.300205	0.107861
0.277991	0.0897945
0.202051	0.0779429
0.170009	0.0822021
0.123071	0.14185
0.00243808	0.0200387
-0.368496	0.0224474
-0.381935	0.0579003
-0.391175	-0.0423227
-0.457611	-0.0216824
-0.40844	-0.0124191
-0.246594	0.114098
-0.20475	0.43895
-0.0412782	0.415787
0.0252526	0.473537
0.0732347	0.516192
0.0830016	0.599204
-0.00143621	0.684837
0.0169149	0.7091
-0.180479	0.324751
-0.096663	0.473452
0.521033	0.415479
0.527102	0.352003
0.193304	0.0839399
-0.118183	-0.316521
-0.333082	-0.558469
-0.590043	-0.70109
-0.647289	-0.740928
-0.601712	-0.621191
-0.617544	-0.22747
-0.541068	0.149258
-0.499531	-0.087389
-0.379787	-0.280625
-0.246011	-0.244942
-0.312178	-0.0881879
-0.397945	-0.199158
-0.674831	-0.185412
-0.544782	-0.400608
-0.574257	-0.273422
-0.543148	0.00956491
-0.19421	0.348298
-0.323756	0.378148
-0.337036	0.302416
-0.435997	0.0792528
-0.431462	-0.038245
-0.405254	-0.169431
-0.352091	-0.271468
-0.169713	-0.116762
-0.178994	-0.0306167
-0.110751	0.00671107
-0.116201	0.0427726
-0.097141	0.0403812
-0.111339	0.00259728
-0.119534	0.00665359
-0.256629	-0.1191
-0.612054	-0.182802
-0.631459	-0.0388528
-0.734613	0.041743
-0.746889	0.106639
-0.784319	0.135252
-0.719455	0.174383
-0.736465	0.263165
-0.711905	0.305893
-0.700333	0.330327
-0.744918	0.361864
-0.739358	0.309373
-0.696609	0.254423
-0.641403	0.220355
-0.593083	0.153383
-0.532998	0.429429
-0.375279	0.637414
-0.366048	0.842111
-0.426515	0.892897
-0.426174	0.966557
-0.554064	0.920333
-0.638351	0.528481
-0.442942	0.569693
-0.637771	0.41602
-0.717257	0.337587
-0.809941	0.330055
-0.899348	-0.402728
-0.854396	-0.404035
-0.456763	-0.311915
-0.136198	-0.31558
-0.220517	-0.478894
-0.267268	-0.339003
-0.299722	-0.346008
-0.10639	-0.343381
-0.229428	-0.426118
-0.182717	-0.449316
-0.30497	-0.495481
-0.23678	-0.531765
-0.488634	-0.545544
-0.405573	-0.133919
-0.253661	0.0412501
-0.192274	-0.137358
-0.143559	-0.219266
-0.116604	-0.257571
-0.102712	-0.203126
-0.0882618	-0.106682
-0.128174	0.10221
-0.170101	0.321908
-0.299543	0.656843
-0.210798	0.663163
-0.143292	0.630231
-0.19723	0.551848
-0.187707	0.430183
-0.310497	0.0564691
-0.271272	-0.297813
0.0558265	-0.531798
0.0496628	-0.573991
-0.0037577	-0.368404
-0.115649	-0.498425
-0.188335	-0.358744
-0.297167	-0.556697
-0.234537	-0.422249
-0.283145	-0.346059
-0.355241	-0.427623
-0.519648	-0.233237
-0.592384	0.146067
-0.25498	0.160205
-0.507453	0.151031
-0.502828	0.0891834
-0.406778	0.0904856
-0.342827	0.14945
-0.226194	0.31912
-0.178245	0.423577
-0.253059	0.581251
-0.255714	0.737428
-0.386165	0.708046
-0.598042	0.600097
-0.764731	0.314899
-0.317957	-0.267647
-0.189872	0.115231
-0.490462	0.307915
-0.726357	0.0751996
-0.228575	0.340188
-0.363067	0.443105
-0.280218	0.428723
-0.0532153	0.478156
-0.112123	0.559727
-0.11607	0.444376
-0.395815	0.391578
-0.638028	0.456078
-0.589602	0.394603
-0.559296	0.362762
-0.683072	0.430617
-0.754709	0.31873
-0.738391	0.21431
-0.713778	0.179182
-0.724503	0.141456
-0.75235	0.234074
-0.651227	0.24317
-0.625226	0.189907
-0.56922	0.249322
-0.668592	0.452345
-0.6682	0.45943
-0.805063	0.509849
-0.722719	0.525439
-0.610105	0.615023
-0.364459	0.651681
0.195964	0.333221
-0.344605	0.106106
-0.580142	0.110678
-0.621848	-0.11774
-0.38573	-0.238091
-0.317954	-0.125351
-0.184231	-0.206885
-0.135314	-0.0664832
-0.0497657	-0.0547021
-0.253696	-0.0446889
-0.415257	0.100753
-0.302473	-0.130606
-0.28269	-0.0461879
-0.487414	-0.106439
-0.433131	-0.32409
-0.7037	0.138786
-0.831014	0.344508
-0.624133	0.378184
-0.370435	0.701619
-0.554731	0.964672
-0.582114	0.867746
-0.572457	0.696474
-0.571314	0.523069
-0.613349	0.406081
-0.600058	0.25173
-0.555621	0.0077457
-0.381243	-0.096089
-0.379922	-0.178669
-0.103686	-0.281378
0.0161025	-0.296915
-0.0140473	-0.107624
0.0346975	0.129028
0.0357501	0.160551
0.0494688	0.420799
-0.0853191	0.318874
-0.0511993	0.316989
-0.0174347	0.257984
-0.0296343	0.202794
-0.130798	0.336912
-0.252982	0.319709
-0.581753	0.20167
-0.747109	-0.133208
-0.548237	-0.162564
-0.628587	-0.154334
-0.558077	-0.129513
-0.526031	-0.24443
-0.405237	-0.116298
-0.481235	-0.20557
-0.540371	-0.110783
-0.359322	-0.194973
-0.458621	-0.199045
-0.290939	-0.0673889
-0.453115	-0.213405
-0.556671	-0.00651177
-0.402921	-0.280302
-0.224949	-0.0395378
-0.141727	-0.193352
-0.280362	-0.188675
-0.320413	-0.0938039
-0.243312	-0.0370301
-0.117077	-0.00929781
-0.122914	-0.0190576
-0.438975	-0.0422137
-0.423317	-0.0471043
-0.482299	-0.0189748
-0.87147	-0.120171
-0.836667	-0.182544
-0.487869	-0.0163722
-0.369409	0.246817
-0.565061	-0.134744
0.00111315	-0.0538623
-0.750071	-0.319535
-0.38067	0.149401
-0.583583	0.28532
-0.613545	0.302694
-0.470576	0.40009
-0.267558	0.505666
-0.0600963	0.502022
0.0601905	0.322771
0.0899419	0.239123
0.234538	0.291339
0.121217	0.0535393
0.201993	0.143945
0.310542	0.167526
0.293686	-0.00551186
0.0991276	-0.198913
-0.041954	-0.369547
-0.141579	-0.475186
-0.149304	-0.594909
-0.171063	-0.660871
-0.197529	-0.757882
-0.222953	-0.722185
-0.209491	-0.606918
-0.193858	-0.47601
-0.0803482	-0.361431
0.107524	-0.162145
0.234832	0.129536
0.308099	0.135941
0.31306	0.180967
0.379606	0.155045
0.402531	0.201639
0.369678	0.106291
0.19706	-0.113022
0.0118626	-0.198889
0.0199144	-0.233466
0.111655	-0.255091
0.153562	-0.167804
-0.263698	-0.0435375
-0.552521	-0.299047
-0.571842	-0.327217
-0.845427	-0.15728
-0.952371	-0.247336
-0.818292	-0.151605
-0.725464	-0.216519
-0.753443	-0.235939
-0.416305	-0.379897
-0.398813	-0.368934
-0.0685088	-0.0478555
0.0306409	-0.242899
0.0253337	-0.259874
0.0295197	-0.351834
-0.0423622	-0.319436
-0.228146	-0.0746999
-0.376838	0.0958969
-0.537673	0.2239
-0.518851	0.358808
-0.367402	0.108453
0.140959	0.0393264
-0.15885	-0.115114
-0.0853547	-0.454233
-0.0471404	-0.510376
0.0403872	-0.450716
-0.0203561	-0.394472
-0.160219	-0.560311
-0.0936834	-0.492439
0.0407953	-0.525031
-0.191382	-0.576521
-0.207127	-0.540172
-0.056379	-0.0762283
-0.223951	-0.124426
-0.164686	-0.186608
-0.0993581	-0.161084
-0.0360933	-0.122977
0.0825031	-0.0647589
0.260381	-0.0584241
0.199829	0.0571203
0.277931	0.0403458
0.214353	0.0177315
0.299114	-0.176989
0.276463	-0.0719673
0.164018	-0.0924255
0.207161	-0.19554
0.234207	-0.0799102
0.260463	0.099407
0.261038	0.192011
0.257726	0.116593
0.381303	0.0476591
0.36368	0.0946168
0.389733	0.0424476
0.406617	0.110523
-0.106368	0.0377544
0.321989	0.25664
0.52494	0.38712
0.437051	0.411819
0.407448	0.568835
0.0673212	0.781321
-0.352498	0.784106
-0.0740767	0.166387
0.031011	0.229208
0.27623	-0.0343824
0.210551	0.259958
0.188701	0.278887
-0.666689	0.579957
-0.227002	0.693668
0.543447	0.197856
0.535845	0.174147
0.464333	0.227505
0.477664	0.225148
0.144525	0.412198
-0.0822856	0.515037
-0.101821	0.379364
-0.134415	0.438211
-0.11365	0.496382
-0.119415	0.554779
-0.0700838	0.574289
0.345464	0.453229
-0.23743	0.142098
-0.0540446	0.0492385
0.0351601	0.167701
-0.0080943	0.0674647
-0.14122	0.112935
-0.309399	-0.225371
-0.677008	-0.254354
-0.373051	-0.143716
-0.34839	-0.119968
-0.403768	-0.116651
-0.335146	-0.222044
-0.144919	-0.547408
-0.19414	-0.403698
-0.371872	-0.186001
-0.588852	-0.0900361
-0.612215	-0.183537
-0.461941	-0.11062
-0.390795	-0.0385433
-0.213843	-0.034012
-0.0521536	-0.0492471
-0.353886	-0.269696
-0.420295	-0.27874
-0.156486	-0.299136
-0.261242	-0.256613
-0.318173	-0.276112
-0.34976	-0.284237
-0.37017	-0.345808
-0.499422	-0.174008
-0.576154	-0.184076
-0.418164	-0.146789
-0.44668	-0.279769
-0.440945	-0.126601
-0.288099	-0.460022
-0.41889	-0.263707
-0.513162	-0.223238
-0.313447	-0.395938
-0.441675	-0.279918
-0.615234	-0.196401
-0.64697	-0.351789
-0.532582	-0.251013
-0.503205	-0.186152
-0.418371	-0.149553
-0.445679	-0.38706
-0.582418	-0.214927
-0.641159	-0.351508
-0.454856	-0.484244
-0.27816	-0.210441
-0.233774	-0.2943
-0.188117	-0.0992338
0.213083	-0.492295
0.0117161	0.00202774
0.0335962	-0.272983
-0.169674	-0.277585
-0.320051	-0.222734
-0.265437	0.0687643
-0.356102	-0.196062
-0.48487	-0.204783
-0.605104	-0.251002
-0.925225	-0.279421
-0.488179	-0.100923
-0.102539	0.266656
-0.0120531	0.308551
-0.070907	0.166413
-0.123806	-0.0751188
-0.149003	-0.234514
-0.210423	-0.389091
-0.233142	-0.473858
-0.241548	-0.563836
-0.284308	-0.530382
-0.281007	-0.405163
-0.141823	-0.356414
-0.0599796	-0.150013
0.0769354	0.231371
0.187502	0.426672
0.286715	0.476098
0.354871	0.577872
0.230871	0.644373
0.0917884	0.73966
0.146682	0.607899
0.271942	0.572577
0.430177	0.441977
0.744008	0.488361
0.6798	0.529956
0.435264	0.37301
0.0940343	0.134506
-0.12462	-0.290623
-0.321395	-0.470756
-0.349657	-0.35167
-0.347699	0.047649
-0.0924922	0.24664
0.174372	0.3653
-0.117056	0.34345
-0.126172	0.35819
0.352801	0.241332
-0.0634277	0.408974
-0.224933	0.325324
-0.327537	0.167304
-0.443769	0.0368567
-0.514808	-0.0948051
-0.536851	-0.271675
-0.512103	-0.318347
-0.387425	-0.339281
-0.375715	-0.120817
-0.33347	0.030099
-0.300886	0.193192
-0.299418	0.11233
-0.664388	-0.103988
-0.469732	-0.378644
-0.76946	-0.14261
-0.625869	-0.23629
-0.812484	-0.261026
-0.0407994	-0.1649
0.0678435	-0.277312
0.0761207	-0.208901
0.108661	-0.0251546
0.106449	0.163226
0.036204	0.207917
0.141659	-0.053163
-0.0877152	-0.16998
-0.232399	-0.311235
-0.370303	-0.195355
-0.151455	-0.202375
-0.397003	-0.132589
-0.77326	0.0212122
-0.544415	-0.292625
0.240744	0.134673
0.289514	0.285639
0.446948	0.281446
0.423805	0.367767
0.372885	0.454015
0.427573	0.323294
0.331525	0.260504
0.287544	0.364499
0.242771	0.501956
0.00508529	0.687935
-0.0608752	0.71215
-0.018855	0.705536
0.0286146	0.7924
-0.0176	0.86393
-0.0613417	0.807801
-0.0577139	0.777604
-0.0554663	0.952361
0.193087	0.844612
0.0121525	0.976907
0.0697315	0.828471
0.0820875	0.689232
-0.0141226	0.574901
-0.169777	0.710916
-0.619533	0.458007
-0.573394	0.458878
-0.68742	0.645951
-0.767869	0.693887
-0.328985	0.0147585
0.0115178	-0.0240481
-0.175773	0.179946
-0.392389	0.249081
-0.0425336	0.0341554
0.130275	0.154608
0.0352652	0.0637809
0.00503679	0.0254133
-0.0355992	0.234063
0.0326265	0.021202
0.116018	0.112889
0.241272	0.261133
0.295745	-0.0676684
0.113744	-0.0590245
-0.0457524	-0.0111238
-0.124958	0.0611304
0.205631	-0.124846
0.390865	-0.227321
0.122691	-0.0254495
0.336498	-0.268682
0.312097	-0.123671
0.332524	0.00987702
0.173676	-0.0388947
-0.0957148	0.143699
-0.0384471	0.246349
0.0985485	0.331712
-0.0826168	0.200417
-0.0666092	-0.108129
-0.241549	-0.125848
-0.134592	-0.196794
-0.324277	-0.082909
-0.32399	-0.17798
-0.376276	-0.185209
-0.144103	-0.134572
-0.106691	-0.225724
-0.208226	-0.142961
0.0779569	0.0299981
-0.0864219	0.0285812
-0.219443	-0.124111
-0.149794	-0.135327
-0.147141	0.0232473
-0.140244	0.0717228
-0.389992	-0.0372389
-0.350845	-0.234333
-0.23098	0.250978
-0.234552	-0.0333457
-0.457246	-0.215063
-0.312696	-0.360882
-0.544651	-0.276297
-0.190183	-0.18734
-0.49513	-0.129923
-0.237905	-0.0488475
-0.258151	-0.108183
-0.336522	-0.0385714
-0.365188	0.106371
-0.256451	0.104007
-0.17085	0.0257367
-0.264568	0.0956314
-0.435016	0.233937
-1.30318	0.236491
-0.322099	0.29418
-0.355118	0.228707
-0.433079	0.0644375
-0.113274	0.276735
-0.0952326	0.431514
-0.288788	0.49037
-0.285387	0.683553
-0.257954	0.71367
-0.403951	0.722386
-0.486687	0.711806
-0.414764	0.619226
-0.180215	0.420258
-0.0878971	0.152178
-0.180609	0.0240943
-0.296339	-0.209257
-0.337335	-0.194223
-0.194862	-0.119251
-0.147143	-0.0272023
-0.012872	0.0256171
0.355271	-0.0510634
0.282748	-0.0180284
0.0625834	0.179504
-0.181035	0.0599343
-0.148783	-0.10586
-0.364957	-0.211932
-0.817121	-0.66593
-0.518515	-0.144856
-0.387371	0.121723
-0.0586097	-0.214166
0.239596	-0.284376
0.0249058	-0.163622
0.172001	-0.181251
0.10672	0.0832385
-0.0198297	0.232173
-0.47499	0.361589
-0.483325	0.28108
-0.474561	0.284892
-0.355105	0.0839849
-0.359331	-0.0653457
-0.389036	0.0755041
-0.41727	0.203239
-0.418038	0.302204
-0.479869	0.4836
-0.639099	0.638498
-0.700665	0.786223
-0.689863	0.799244
-0.69635	0.710279
-0.586118	0.61809
-0.429155	0.444055
-0.462101	0.524842
-0.0190041	0.382112
0.104719	0.167792
-0.634991	0.0913095
-0.44732	-0.0648924
-0.642076	-0.449268
-0.403838	-0.476999
-0.318934	-0.325416
-0.435003	-0.312104
-0.57688	-0.352844
-0.502393	-0.436462
-0.251346	-0.223581
-0.306611	-0.0389226
-1.19354	-0.639283
-1.29641	-0.747694
-0.600219	-0.205282
-0.260866	-0.0556738
-0.376679	0.0833782
-0.354922	0.0730245
-0.403406	0.0639123
-0.327099	0.0210566
0.284606	-0.099708
-0.165644	-0.125277
-0.331361	-0.228769
-0.157362	-0.33937
-0.284928	-0.261281
-0.204486	-0.607335
-0.0256379	-0.596187
-0.350263	-0.562881
0.0184504	-0.0411931
0.0664298	0.169591
0.0472471	0.0136665
0.137357	-0.0214687
0.158246	0.0618009
0.119647	0.189478
0.278569	0.328901
0.275614	0.351621
0.319287	0.374036
0.400557	0.369713
0.490687	0.44437
0.318627	0.364205
0.146949	0.335235
0.0672785	-0.0868426
-0.152548	-0.0841611
-0.838575	-0.214288
-0.593254	-0.0686693
-0.446394	0.123955
-0.149588	0.0205567
-0.773927	0.00923918
-0.453786	0.36994
-0.466661	0.453809
-0.332589	0.526858
-0.0968957	0.566956
-0.0768875	0.597839
-0.0648212	0.585771
-0.0229018	0.302007
-0.154648	0.116847
-0.227314	0.0710328
-0.315131	0.15126
-0.46238	-0.0915691
-0.867091	-0.386241
-0.394001	0.0635493
-0.390194	0.612154
-0.423799	0.881156
-0.475556	0.864084
-0.629561	0.783695
-0.77383	0.559707
-0.723557	0.360169
-0.665078	0.235686
-0.592049	0.144196
-0.587874	0.153837
-0.630407	0.219658
-0.552274	0.17984
-0.52439	-0.0296008
-0.770018	0.0557257
-0.520386	-0.0106771
-0.786985	-0.0790516
-0.532945	-0.0778105
-0.394244	-0.124514
-0.512684	-0.171664
-0.557266	-0.161388
-0.502983	-0.151317
-0.371606	-0.125464
-0.287417	-0.0500478
-0.198137	0.0729145
0.13486	0.160452
0.305323	0.021453
-0.0685823	0.3623
-0.132201	0.29735
0.0859806	-0.0724134
-0.0562248	0.109252
-0.108554	0.214313
-0.0709014	0.238501
-0.367952	-0.0117006
-0.083282	-0.00813603
-0.134688	-0.133681
-0.109214	-0.185938
0.0138827	-0.21581
0.178317	-0.232508
0.284535	0.114286
0.137019	0.338312
0.206527	0.390376
0.0700218	0.382216
0.129783	0.399418
0.0751373	0.326946
0.157719	-0.000839801
0.0360653	-0.158723
-0.0170139	-0.200457
-0.0329248	-0.089485
0.155343	-0.0632816
0.260735	-0.054783
-0.138313	-0.0782764
-0.212225	-0.161356
-0.366899	-0.078289
-0.18698	-0.0446584
-0.404438	-0.12596
-0.478663	-0.0983421
-0.355848	-0.25173
-0.0324766	-0.0162279
-0.0403519	-0.00418158
-0.28297	-0.085052
-0.453757	0.034886
-0.731064	-0.0602633
-0.668967	-0.0701668
-0.668287	-0.0646204
-0.464336	0.0582314
-0.663099	-0.144309
-0.738648	-0.160553
-0.735686	-0.25265
-0.763087	-0.195622
-0.74723	-0.167334
-0.620051	-0.250283
-0.683636	-0.184379
-0.58624	-0.0848579
-0.50902	0.0567884
-0.356364	0.133638
-0.385996	-0.0523963
-0.453013	-0.123987
-0.323997	-0.14202
-0.27392	-0.255137
-0.483197	-0.283921
-0.355357	0.0380047
-0.314353	-0.0909112
-0.480321	-0.180997
-0.382116	-0.181748
-0.292507	0.0244923
-0.376452	-0.0963069
-0.18511	-0.104478
-0.250197	0.0802241
-0.297922	-0.0992836
-0.252088	-0.110441
-0.15318	-0.132357
-0.310048	-0.139666
-0.308955	-0.182831
-0.485709	-0.355743
-0.462762	-0.207278
-0.407288	-0.0776036
-0.250517	-0.0242876
-0.371613	-0.00108989
-0.305326	-0.242122
-0.255352	-0.237351
-0.286806	-0.148009
-0.558962	-0.0635651
-0.511651	-0.173952
0.0482059	-0.0482592
-0.0315692	-0.162919
-0.155292	-0.283304
-0.367474	-0.290614
-0.429279	-0.324969
-0.562652	-0.129
-0.41178	-0.00900891
-0.25522	0.126532
-0.129562	-0.0686255
-0.315346	-0.00503909
-0.294436	-0.265911
-0.410803	-0.184685
-0.168931	-0.467977
-0.178832	-0.364286
-0.393827	-0.460315
-0.185268	-0.367482
-0.00197595	-0.375753
-0.242013	-0.0978106
-0.286373	0.0333002
-0.00723694	-0.115655
-0.0190017	-0.316005
-0.133048	-0.319064
-0.11947	-0.194183
-0.369142	0.217048
-0.618004	0.311659
-0.472356	0.105289
-0.131015	0.00634632
0.168045	-0.0342621
0.36398	0.0479305
0.609155	0.216785
0.385196	0.140662
0.180321	0.154065
0.0198693	0.0453265
0.243209	-0.17651
0.408428	-0.233024
0.264014	-0.319184
0.0854533	-0.336267
-0.0944824	-0.468944
-0.0866575	-0.58568
-0.0837568	-0.593759
-0.0670145	-0.538956
-0.100906	-0.354534
0.00206999	-0.163176
0.0203953	-0.0511791
-0.147644	0.101808
-0.124533	0.144065
-0.132621	0.174328
-0.139357	0.329723
-0.113981	0.340044
-0.0543922	0.389975
-0.164384	0.485117
-0.322658	0.581332
-0.623743	0.240213
-0.387455	0.147391
-0.113856	0.150616
0.222499	0.17231
0.278025	0.214277
0.341571	0.23589
0.315362	0.310939
0.307422	0.331104
0.384273	0.300751
0.273784	0.343839
0.329953	0.298008
0.195203	0.378421
0.162316	0.275015
0.366124	-0.427138
0.102267	-0.254865
-0.224412	-0.159331
-0.45353	-0.00781955
-0.642977	0.0993568
-0.710828	0.152208
-0.333238	0.242951
-0.23009	-0.0226538
-0.339673	-0.0283095
-0.358267	0.0278141
0.0884699	-0.00458463
-0.277399	-0.120988
-0.310163	-0.0258425
-0.273083	-0.189065
-0.391726	0.0529978
-1.15476	-0.536095
-0.995889	-0.41095
-0.461339	0.05354
-0.489135	0.0137183
-0.534457	-0.0447556
-0.576853	-0.0916916
-0.434066	0.037707
-0.0198433	-0.110209
-0.175198	-0.204279
-0.38454	-0.102171
-0.388881	-0.242115
-0.369411	-0.214501
-0.191716	-0.249545
-0.234929	-0.302387
-0.253291	-0.183296
-0.496815	-0.143062
-0.479768	-0.14256
-0.786311	0.185074
-0.731748	0.150652
-0.442483	0.402023
-0.505196	0.334958
-0.454902	0.1685
-0.416312	0.0673038
-0.294211	-0.080117
-0.153454	-0.148116
-0.00513303	-0.0796336
0.0520937	0.035049
0.210031	0.0337377
-0.0408167	-0.0498191
0.132606	-0.078143
0.0223754	0.0770466
0.114483	0.0160351
-0.0968565	-0.118891
-0.303507	-0.0732762
-0.292498	-0.124879
-0.291694	-0.310094
-0.395047	-0.30804
-0.457237	-0.236459
-0.339747	-0.151015
-0.382548	-0.0530114
-0.673291	-0.150159
-0.260083	-0.291682
-0.21326	-0.288323
-0.12982	-0.176179
-0.0699087	-0.0729262
-0.289278	-0.364232
-0.402299	-0.444821
-0.532825	-0.385509
-0.58652	-0.254693
-0.596048	-0.158535
-0.584902	-0.135712
-0.578481	-0.193683
-0.601418	-0.211659
-0.536298	-0.338867
-0.415952	-0.388273
-0.329891	-0.12961
-0.255093	-0.0265225
-0.109167	-0.0237288
-0.0851114	-0.0784291
-0.105785	-0.095515
-0.119578	-0.0640372
-0.0341379	-0.00497074
-0.106565	-0.0673627
-0.156834	-0.0231798
-0.1936	-0.0621749
-0.175157	-0.0228966
-0.245357	0.0731421
-0.0807116	0.159334
0.16833	0.0668911
-0.188782	0.429149
-0.0835716	0.420491
0.0194018	0.436417
-0.0195887	0.382072
-0.1991	0.484845
-0.156083	0.375743
-0.071865	0.310192
-0.182763	0.468431
-0.336631	0.245955
-0.443715	-0.108999
-0.889443	-0.21431
-0.390039	-0.318131
-0.0275286	-0.410677
-0.0720344	-0.153067
0.0888945	-0.422265
0.217797	-0.424261
0.196541	-0.152194
0.191671	-0.346176
0.60121	-0.237838
0.598112	-0.250944
0.630899	-0.185614
0.597237	-0.446283
0.446947	-0.190692
0.170357	0.102767
0.0364551	0.263591
-0.370975	0.032812
0.0926669	-0.133324
0.112794	-0.11498
0.12091	-0.212882
0.0395362	-0.130254
0.0763698	-0.146371
0.202079	-0.15879
0.119591	-0.264111
0.16009	-0.316392
-0.0273246	-0.0584529
-0.0429171	-0.17508
0.121973	-0.170511
0.130018	-0.173854
-0.0106756	-0.188438
0.0750257	-0.0538264
0.0200227	0.00475322
-0.129246	-0.082792
-0.297361	-0.0280698
0.0496179	-0.0949912
-0.0801532	0.120215
-0.244882	0.0234934
-0.326995	0.0493256
-0.224738	-0.186748
-0.104365	-0.0235447
-0.395981	-0.0550062
-0.273065	-0.102834
0.00887317	-0.0278496
-0.351152	-0.0666624
-0.146899	-0.124819
-0.210949	-0.161281
-0.223274	-0.0651363
-0.196305	0.00372417
-0.335772	-0.0866874
-0.410332	-0.131743
-0.223056	0.215465
-0.208847	0.135629
-0.316007	0.116188
-0.175928	0.0899041
-0.30702	0.0300444
-0.376072	0.0558322
-0.356479	-0.0430916
-0.385504	-0.173248
-0.129662	0.0799567
-0.21805	-0.0678445
-0.278308	-0.0494761
-0.159331	0.229966
0.151433	0.0984325
0.0586025	0.244973
0.381351	0.126818
0.227798	0.28047
0.280062	0.294507
0.217674	0.329264
0.0376793	0.365761
0.253041	0.189577
0.290941	0.219252
0.000921176	-0.419034
-0.162638	-0.533068
-0.152647	-0.544305
-0.169387	-0.497532
-0.19287	-0.457177
-0.167506	-0.339777
-0.0550609	-0.328397
-0.039671	-0.17177
0.0728385	-0.135075
0.0214274	-0.117326
0.145177	-0.0136425
0.198656	0.0484607
0.0182752	-0.0435575
-0.254581	-0.00267016
0.192343	-0.00737974
0.269116	0.0501042
0.251885	0.0614514
0.277726	0.156422
0.0804961	0.29062
0.0370635	0.350115
-0.0800521	0.582644
-0.135991	0.484776
-0.0858914	0.505583
-0.0642656	0.511216
-0.0025289	0.393736
-0.288382	0.0646906
0.00336318	-0.157997
0.0191735	-0.342119
-0.0457677	-0.522415
-0.111245	-0.55858
-0.135836	-0.564343
-0.100171	-0.524194
0.0337159	-0.499322
0.122698	-0.380671
0.118894	-0.301926
0.325224	-0.207629
0.45336	-0.22048
0.591383	-0.240977
0.708414	-0.190024
0.747181	-0.1831
0.340764	-0.22901
0.10805	-0.340393
-0.0120033	-0.22904
-0.0396955	-0.22122
-0.0752173	-0.0863456
-0.108564	0.0278446
-0.476185	-0.212968
-0.297432	-0.248174
-0.614051	-0.271302
-0.798913	-0.160368
-0.594655	-0.283245
-0.613953	-0.122823
-0.917907	0.170254
-0.98765	0.327774
-1.22823	0.282531
-0.961112	0.415891
-0.597373	0.378944
-0.67786	0.331156
-0.626439	0.255048
-0.460391	0.0804967
-0.256742	-0.0377125
-0.0698194	-0.0894706
0.0364712	-0.162912
0.12371	-0.090287
0.106488	-0.099112
0.107505	-0.213091
-0.00957358	-0.314648
-0.154853	-0.382052
-0.319903	-0.383627
-0.451192	-0.35022
-0.507971	-0.252051
-0.412232	-0.099096
-0.341526	-0.0581757
-0.232023	-0.366107
-0.398857	-0.238674
-0.300459	-0.149142
-0.44006	-0.280458
-0.937168	-0.669971
-1.0748	-0.350791
-0.840684	-0.204258
-0.944971	-0.318325
-1.02239	-0.358618
-1.03259	-0.431444
-0.978749	-0.522403
-0.961177	-0.532868
-0.923632	-0.52014
-0.90264	-0.37936
-0.886821	-0.190287
-0.78914	-0.0896233
-0.644458	-0.0733636
-0.518942	0.130565
-0.12783	0.024053
0.204172	-0.0318222
0.406852	-0.235506
0.135079	-0.136663
0.00124368	-0.112071
0.0157531	-0.306361
-0.0932705	-0.216951
0.00386279	0.166536
0.385171	-0.0178494
0.563307	-0.165959
0.426606	-0.117944
0.00495241	-0.0631756
-0.329109	0.0905733
-0.276409	-0.0538847
-0.306342	-0.0831526
-0.178824	-0.199289
-0.214878	-0.173741
-0.179394	-0.178711
-0.195978	-0.105122
-0.142264	0.00514771
-0.0778061	0.124361
0.14616	0.130949
0.0255407	0.178597
-0.356836	0.229121
-0.254193	0.111334
-0.288783	0.0723579
-0.313733	-0.0890673
-0.470106	0.00359726
-0.491775	-0.208776
-0.393519	-0.0961302
-0.289586	-0.359274
-0.528495	-0.420275
-0.554653	-0.154932
-0.545669	-0.0147111
-0.306579	-0.21815
-0.131314	-0.138545
-0.372372	0.0678366
-0.524967	-0.0878327
-0.575614	0.116655
-0.3919	0.245475
-0.354573	0.23427
-0.232671	-0.0157255
-0.230472	0.117123
-0.253496	0.0531409
-0.339062	-0.0998822
-0.21903	-0.143407
-0.283361	-0.0182031
-0.0980874	-0.0562079
-0.17638	0.0307473
-0.173053	-0.115988
-0.329845	-0.0211937
-0.365973	0.00863805
-0.447709	-0.00635615
-0.567742	-0.358325
-0.600273	-0.265502
0.0543077	-0.093918
0.119306	-0.03749
0.123267	-0.124889
0.14732	-0.125669
0.233817	-0.118884
0.327413	0.00530728
0.399044	0.0434273
0.111652	0.0935117
0.0245905	0.0568119
-0.412281	0.176921
-0.316838	-0.0223181
-0.369008	-0.0536025
-0.642996	-0.011883
-0.0838637	-0.0824273
0.0269763	-0.0679024
-0.0372222	-0.0411396
-0.0765455	-0.0366454
0.00433933	0.0190087
0.146604	0.142444
-0.137434	-0.00613658
0.0502445	-0.0203022
-0.0871321	0.094316
-0.256497	0.13946
-0.306144	0.24016
-0.421187	-0.126414
-0.64282	-0.188342
-0.542647	-0.216896
-0.604633	-0.230133
-0.128027	0.120353
-0.27744	0.00506928
-0.278944	-0.019915
-0.27722	-0.073562
-0.20726	-0.0983285
-0.164013	-0.145666
-0.143834	-0.152474
-0.130729	-0.105162
-0.110764	-0.05128
-0.120208	0.00691538
-0.0553184	0.0434378
0.136004	-0.0620842
0.328626	-0.241549
-0.0352917	-0.363491
-0.283665	-0.360561
-0.344235	-0.480969
-0.43997	-0.279048
-0.587771	-0.215289
-0.531542	-0.26495
-0.298798	-0.125263
-0.432482	-0.113764
-0.419217	-0.301021
-0.467052	-0.340191
-0.60951	-0.533591
-0.383237	-0.0705492
-0.000562241	-0.266902
-0.188746	-0.273555
-0.12107	-0.36302
-0.0946923	-0.342372
-0.0875409	-0.277466
0.0397471	-0.152956
0.0716858	0.175514
0.0567113	0.339111
0.0764005	0.448267
0.0843837	0.501729
-0.109104	0.614708
-0.232697	0.656098
0.0448074	0.617896
0.0134456	0.642
0.000370691	0.588754
-0.102392	0.507757
-0.00576303	0.706139
0.382811	0.586733
0.848887	0.383249
0.897154	0.400851
0.269838	0.379378
-0.0263941	0.413863
0.066429	-0.068494
0.130326	0.0272733
-0.0815746	-0.154971
-0.199361	-0.710258
-0.46623	-0.355161
-0.139478	-0.254007
-0.25915	-0.400776
-0.35367	-0.508545
-0.420738	-0.544873
-0.412664	-0.485561
-0.361912	-0.432664
-0.139595	-0.31713
0.0694562	-0.112988
0.401733	-0.167745
0.593457	-0.02218
0.372536	0.305322
0.371156	0.351924
0.341081	0.276883
0.0377044	0.158129
-0.00399394	0.125053
-0.0552859	-0.00527139
0.116162	-0.0690401
0.24711	-0.0370057
-0.0828147	-0.151463
0.173344	-0.134948
-0.0495508	-0.205501
-0.166234	-0.151803
-0.23604	-0.108204
-0.298975	0.00164981
-0.191165	0.0188735
-0.0125032	-0.103496
-0.370228	-0.232238
-0.428394	-0.0963195
-0.304149	-0.210616
-0.274033	-0.185031
-0.238795	-0.0565837
-0.378334	-0.0334321
-0.540478	-0.0953282
-0.554145	-0.251374
-0.745505	-0.0819896
-0.90326	0.137934
-0.57047	0.197
-0.678028	-0.152563
-0.822123	-0.280914
-0.905805	-0.302443
-0.868937	-0.311569
-0.859873	-0.294319
-0.89011	-0.20923
-0.846442	-0.143391
-0.834907	-0.040688
-0.747447	0.0230609
-0.628399	0.161578
-0.53349	0.0579346
-0.644458	-0.26168
-0.518373	-0.222465
-0.683539	-0.247477
-0.811148	-0.307425
-0.84937	-0.497577
-0.88357	-0.368226
-0.876051	-0.294692
-0.595345	-0.266561
-0.511082	-0.364245
-0.549776	-0.1773
-0.691353	-0.231022
-0.471543	-0.303782
-0.390207	-0.219459
-0.279106	-0.135396
-0.447994	-0.138559
-0.51775	-0.295717
-0.412539	-0.272205
-0.483205	-0.33872
-0.148876	-0.266755
-0.575122	-0.496467
-0.16901	-0.458176
-0.0949953	-0.00214783
-0.189814	0.156396
-0.287679	0.0155622
-0.197748	-0.152239
-0.367684	-0.144607
-0.486446	-0.0324333
-0.435581	0.0122545
-0.492378	0.0733702
-0.469527	0.0884109
-0.783857	-0.0690634
-0.550129	0.000591637
-0.74589	-0.0666039
-0.511456	0.0354737
-0.318851	-0.0168896
-0.318253	-0.179286
-0.457537	-0.028508
-0.525054	-0.152661
-0.384963	-0.0754241
-0.416494	-0.0664021
-0.368346	-0.259798
-0.227703	-0.0280636
-0.197982	-0.248061
-0.439923	-0.0808546
-0.324545	-0.158141
-0.472256	0.178114
-0.320986	0.0968581
-0.331801	-0.104435
-0.345884	-0.377804
-0.485772	-0.126206
-0.57973	-0.244114
-0.469826	-0.176624
-0.414949	-0.0368869
-0.459375	-0.0926039
-0.612255	-0.0993076
-0.354885	0.0897389
-0.397482	-0.0335376
-0.425346	0.00463776
-0.395486	-0.159554
-0.264557	-0.210369
-0.239102	-0.157541
-0.406718	-0.053278
-0.261041	0.052251
-0.359849	0.0970184
-0.189704	0.109579
-0.292997	0.0190578
-0.271343	-0.0807264
-0.323854	-0.132214
-0.297566	-0.227621
-0.317581	-0.0850335
-0.411496	-0.232498
-0.383588	-0.151476
-0.300148	-0.0926566
-0.361298	-0.160727
0.00934629	-0.155068
-0.182646	-0.226245
-0.282188	-0.184128
-0.414915	-0.0971316
-0.303289	-0.0725231
-0.489962	-0.00124217
-0.321797	-0.0401727
-0.314837	0.044274
-0.300852	0.124417
-0.472219	-0.0070354
-0.136366	-0.0656451
-0.13161	-0.158607
-0.224765	-0.0785033
-0.311705	-0.22163
-0.282713	-0.11549
-0.0443994	-0.0195059
-0.248774	-0.146707
-0.184715	-0.016852
-0.341523	-0.0761783
-0.410796	-0.229486
-0.58713	-0.389148
-0.342056	-0.226124
-0.275217	-0.150275
-0.387758	-0.191892
-0.404211	-0.0503712
-0.611108	-0.16335
-0.609734	-0.314866
-0.438085	-0.304072
-0.422729	-0.348954
-0.693761	-0.150741
-0.964808	-0.168285
-0.86634	-0.382731
-0.645101	-0.533667
-0.798358	-0.510585
-0.732916	-0.394061
-0.05968	-0.260029
0.00172259	-0.107806
-0.0910381	-0.323789
-0.284904	-0.154456
-0.416021	-0.0518398
-0.238501	-0.135146
-0.223964	-0.158434
-0.560193	0.28726
-0.376545	-0.0982258
-0.245818	-0.0261541
-0.330072	-0.0496871
-0.0218584	0.0529676
0.634188	0.0834483
0.55048	0.165708
0.419318	0.1666
0.395752	0.208318
0.389782	0.202102
0.0636876	0.112098
-0.158232	-0.0212597
-0.292189	-0.036346
-0.231721	-0.0799847
-0.277923	-0.0690982
-0.270077	-0.0536371
-0.0405108	-0.0878823
-0.105167	0.0469978
-0.0403358	0.0577937
-0.116715	0.127063
-0.360123	0.189613
-0.326557	0.297107
-0.30199	0.481442
-0.2722	0.626874
-0.278299	0.669384
-0.328117	0.624919
-0.465902	0.705287
-0.558091	0.594383
-0.541441	0.330331
-0.53568	0.235343
-0.521863	0.123938
-0.435908	0.0420543
-0.411923	0.13306
-0.317145	0.0848182
-0.433403	0.16543
-0.426004	0.23367
-0.482538	0.183352
-0.540528	0.111212
-0.511904	0.0644522
-0.348092	0.00519685
-0.23043	0.0285883
-0.265083	0.19335
-0.234057	0.141596
-0.394703	0.122388
-0.614635	-0.114178
-0.56633	-0.0839087
-0.597517	0.175774
-0.570295	-0.169733
-0.605769	-0.343064
-0.461155	0.381612
-0.472801	0.480138
-0.0861877	0.479655
-0.646173	0.538302
-0.624185	0.58729
-0.604093	0.643575
-0.626063	0.569829
-0.572267	0.397411
-0.444315	0.226365
-0.229483	0.31085
-0.184815	0.476301
-0.184511	0.512157
-0.463349	0.371154
-0.860178	0.0836916
-0.475998	0.274103
-0.357798	0.184271
-0.386809	0.404169
-0.338447	0.53997
-0.277296	0.516586
-0.509023	0.625606
-0.229549	0.407678
0.0806328	0.325441
0.193462	0.334723
0.207837	0.324793
0.186611	0.321709
0.165624	0.333972
0.152591	0.341579
-0.19739	0.214245
-0.435316	0.330464
-0.524981	0.367762
-0.546391	0.307442
-0.535088	0.27283
-0.545952	0.254716
-0.650537	0.223906
-0.705869	0.164801
-0.67559	0.157888
-0.657835	0.19197
-0.609698	0.18566
-0.554421	0.195497
-0.292045	0.0217051
0.0111609	0.0309257
0.15753	0.00866318
-0.106834	-0.0373509
-0.242569	0.014998
-0.0885027	0.271504
-0.215661	0.176844
-0.275964	0.222959
-0.078653	0.447529
-0.0985134	0.481822
-0.48071	0.802242
-0.514605	0.772024
-0.359424	0.730885
-0.269089	0.690069
-0.294762	0.719292
-0.386752	0.645778
-0.432716	0.530709
-0.517621	0.474899
-0.512678	0.31187
-0.448063	0.124762
-0.545982	-0.0454448
-0.593165	-0.106007
-0.656647	-0.147665
-0.678129	-0.150736
-0.635906	-0.1111
-0.628628	-0.0261294
-0.585515	0.0496809
-0.501746	0.0592989
-0.374352	-0.00181672
-0.46493	-0.107656
-0.513959	0.181414
-0.306226	0.193083
-0.484066	0.0280692
-0.262494	0.141867
-0.137617	0.0820002
0.05805	-0.00652948
0.0485208	-0.116183
0.0571681	-0.151279
0.0903764	-0.233267
0.140436	-0.266704
0.196976	-0.24637
0.254146	-0.153391
0.200502	0.0149684
0.148274	-0.010197
0.130549	-0.005954
0.118225	-0.0393141
-0.0759366	-0.02486
-0.0808239	-0.00444435
-0.183793	-0.0108132
-0.354159	-0.0206044
-0.532903	0.0747671
-0.532834	0.0517836
-0.518831	0.0391968
-0.614887	0.0628756
-0.474535	0.0152242
-0.394482	0.0694903
-0.403224	-0.126083
-0.547463	-0.275717
-0.410755	-0.0155761
-0.562705	0.0763177
-0.340715	0.112447
0.176922	-0.019143
-0.191792	-0.0503254
-0.203231	-0.0879332
0.214656	-0.118216
-0.0324848	-0.134084
-0.444428	0.113942
-0.568644	0.302948
-0.699814	0.530268
-0.692355	0.690752
-0.60603	0.916391
-0.554075	0.940667
-0.558689	0.994671
-0.4772	1.01031
-0.471374	1.01408
-0.461475	0.990037
-0.454068	0.939047
-0.504629	0.893519
-0.482951	0.758669
-0.5242	0.62738
-0.521461	0.471734
-0.357925	0.221607
-0.120972	0.0175274
0.00484155	-0.0269457
0.132997	0.0028445
0.15477	-0.0100289
0.203786	-0.0476863
0.176992	-0.0252868
0.0345495	-0.115256
0.146412	-0.00903223
0.329449	0.00911586
0.326001	0.216923
0.153194	0.312448
-0.101566	0.501118
-0.161879	0.19234
-0.245684	0.182153
-0.456063	-0.0870707
-0.406069	-0.0183216
-0.339355	-0.01802
-0.43213	-0.0086521
-0.416032	-0.106942
-0.343257	-0.0566567
-0.274919	-0.106049
-0.745523	-0.0428822
-0.657178	-0.0329887
-0.510427	-0.132981
-0.494653	-0.20911
-0.428676	-0.188344
-0.412048	-0.241909
-0.36615	-0.122634
-0.413241	-0.371381
-0.260813	-0.312061
-0.24915	-0.223583
-0.366625	0.104415
-0.581516	-0.285587
-0.311986	-0.077605
-0.375754	-0.154953
-0.462742	-0.181382
-0.361797	-0.0847165
-0.384626	0.135209
-0.47358	-0.113554
-0.542037	-0.145258
-0.555947	-0.126876
-0.415059	-0.224841
-0.390678	-0.0129549
-0.613783	-0.211365
-0.500731	-0.0283137
-0.438854	-0.0146173
-0.538797	-0.127549
-0.460436	-0.195592
-0.364269	-0.367858
-0.29226	-0.225065
-0.411543	-0.336399
-0.140112	-0.270847
-0.399414	-0.191856
-0.502058	-0.0994735
-0.442388	-0.226615
-0.396002	0.0583325
-0.347504	-0.0324096
-0.0772563	-0.00558335
0.804108	-0.102427
0.524475	0.0189177
0.448557	0.0713995
0.486411	0.0695744
0.165347	-0.0499904
-0.0621701	-0.187789
-0.141809	-0.246389
-0.221172	-0.263131
-0.442121	-0.115585
-0.324442	0.012891
0.0676645	-0.120445
-0.199906	-0.0422416
-0.587269	0.0429581
-0.473834	-0.093873
-0.409267	0.004536
-0.686118	-0.0340738
-0.457021	-0.173354
-0.512204	0.0454797
-0.640979	0.0797296
-0.470249	-0.114365
-0.595341	0.31275
-0.580606	0.509158
-0.58754	0.400228
-0.631063	0.437157
-0.570204	0.367698
-0.395839	0.139232
-0.2152	-0.0549121
-0.106993	-0.151391
-0.0410069	-0.0638302
0.037071	-0.0467109
0.0862886	-0.0866126
0.128264	-0.157243
0.0910654	-0.191505
0.0454777	-0.213943
0.0117308	-0.213375
0.00392405	-0.186811
0.0728343	-0.128024
0.174315	-0.052408
0.163497	-0.0244869
-0.0126445	-0.131659
0.160398	0.0674388
0.158025	0.0746331
-0.00178966	0.030919
-0.0311832	0.0395288
-0.185216	0.186204
-0.36019	0.454552
-0.379227	0.568305
-0.42358	0.526592
-0.412911	0.541688
-0.467171	0.514247
-0.278264	0.603028
-0.0790318	0.817923
-0.0809201	0.84857
-0.0560803	0.816187
-0.143565	0.666159
-0.193231	0.312937
-0.465816	0.461136
-0.525035	0.776542
-0.557651	0.908641
-0.615291	0.954583
-0.5827	0.842795
-0.593424	0.715246
-0.463702	0.595536
-0.211992	0.529779
-0.443562	0.452428
-0.673041	0.284494
-0.773421	0.454805
-0.575138	0.320013
-0.858998	-0.0764032
-0.448181	-0.0892646
-0.457798	-0.158275
-0.407328	-0.255749
-0.42543	-0.246076
-0.361567	-0.21793
-0.307978	-0.138332
-0.134784	-0.0298585
-0.127322	-0.000352174
-0.217037	0.0350611
-0.287148	0.106479
-0.350074	-0.146037
-0.271304	-0.0900862
-0.464486	-0.117824
-0.674009	-0.119899
-0.649833	-0.0502631
-0.399078	-0.166097
-0.468495	-0.0968774
-0.488436	-0.108572
-0.552926	-0.354771
0.00183401	-0.136421
-0.118741	-0.0946465
-0.319295	0.0921093
-0.665075	0.298989
-0.793707	0.218961
-0.277367	0.269452
-0.562313	0.398802
-0.570583	0.417761
-0.470264	0.522728
-0.282131	0.613254
0.0668895	0.329352
-0.108328	0.255824
-0.13105	0.2791
-0.00657403	0.37551
0.19947	0.132757
0.59026	0.0392509
0.99348	0.169645
1.06561	0.21172
1.02682	0.308496
1.01396	0.315656
1.04452	0.33837
0.817694	0.176759
0.407446	-0.0944764
0.207106	-0.188648
0.326834	0.267119
0.408999	0.254288
0.251843	0.259796
0.357666	0.0534473
0.243171	-0.147319
0.0719903	-0.354013
-0.0442267	-0.490781
-0.225009	-0.474505
-0.37267	-0.360004
-0.491627	-0.209658
-0.492046	-0.137488
-0.30684	-0.0346479
-0.144533	-0.181277
-0.375435	-0.250413
-0.265351	-0.283216
-0.222311	-0.11219
-0.283019	0.437599
-0.554627	0.614502
-0.612257	0.639831
-0.52108	0.566121
-0.484268	0.4568
-0.42287	0.404871
-0.425732	0.19055
-0.301577	-0.346863
-0.371039	-0.430612
-0.512048	-0.373465
-0.485495	-0.417331
-0.390719	-0.491988
-0.316726	-0.438657
-0.256086	-0.417485
-0.251877	-0.421183
-0.224408	-0.429274
-0.0883585	-0.316595
0.181356	-0.268885
0.123389	-0.251435
-0.187656	0.0367262
-0.378006	0.0929674
0.168266	-0.135797
0.0959751	-0.207407
-0.0585976	-0.303988
-0.279234	-0.313464
-0.356469	-0.240844
-0.276132	-0.165117
-0.303807	-0.198253
-0.404691	-0.138426
-0.245588	-0.153481
-0.230824	-0.40643
-0.44304	-0.269464
-0.260665	-0.165051
-0.15422	-0.249772
-0.1205	-0.352647
-0.126553	-0.221072
-0.0152054	-0.0110245
0.699235	0.175901
0.63371	0.174213
0.411647	0.00183501
0.267133	-0.189362
0.125163	-0.42485
0.077201	-0.594941
-0.026343	-0.564801
-0.101748	-0.414269
-0.165591	-0.30489
-0.128641	-0.249171
-0.0364357	-0.239905
0.0711849	-0.185159
0.148	-0.130667
0.135582	-0.0565528
0.0458395	-0.0846957
0.0110115	-0.18693
-0.0771243	-0.250237
-0.143036	-0.269797
-0.207026	-0.240562
-0.218763	-0.252527
-0.20552	-0.234289
-0.0604515	0.0372341
-0.0830575	0.246444
-0.0754236	0.25684
-0.113186	0.169238
-0.246038	0.165898
-0.139066	0.267143
-0.401583	0.167666
-0.52664	0.111536
-0.507593	0.286744
-0.458234	0.37337
-0.525316	0.472288
-0.633587	0.512293
-0.485711	0.413666
-0.430956	0.212555
-0.527538	0.553879
-0.716586	0.580229
-0.637015	0.547605
-0.530653	0.562571
-0.530049	0.497691
-0.523386	0.548379
-0.501881	0.544329
-0.525103	0.393453
-0.388372	0.295585
-0.534605	0.433898
-0.284671	0.283171
-0.0782071	0.440881
-0.134718	0.48848
-0.206943	0.592028
-0.319053	0.64599
-0.650145	0.641942
-0.631303	0.506536
-0.618954	0.330578
-0.723708	-0.00541442
-0.423643	-0.151988
-0.649545	0.0137941
-0.637632	0.015154
-0.506185	-0.450568
-0.65306	-0.00238585
-0.383881	-0.221402
-0.433539	-0.0664482
-0.710452	-0.0659624
-0.552098	0.00247388
-0.363501	0.0462391
-0.226272	-3.25452e-05
-0.346607	0.226793
-0.326015	-0.0115578
-0.352792	-0.0833882
-0.399597	-0.131779
-0.336978	-0.083407
-0.157989	0.0972714
-0.244287	-0.0349218
-0.471383	-0.0899688
-0.357309	-0.0179249
-0.603646	-0.119625
-0.638936	-0.266893
-0.369318	-0.191928
-0.529704	-0.397344
-0.436399	-0.270702
-0.428948	-0.313841
-0.356944	-0.0948401
-0.526568	-0.0434344
-0.617849	-0.195563
-0.42443	-0.0120786
-0.506357	-0.163067
-0.530846	-0.07947
-0.515392	-0.199526
-0.557449	-0.291577
-0.310523	-0.325092
-0.413571	-0.130535
-0.278396	-0.256297
-0.499357	-0.136756
-0.595179	-0.18957
-0.444461	-0.140583
-0.565565	-0.036266
-0.506844	-0.273874
-0.359959	-0.330349
0.550658	0.0447867
0.712572	0.120008
0.557146	0.145533
0.625795	0.104198
0.535621	0.0874039
-0.0878496	-0.0892839
-0.150451	-0.201924
-0.155019	-0.196692
-0.166094	-0.235715
-0.0776563	-0.310438
-0.150531	0.0520614
-0.178978	0.496772
-0.300444	0.56692
-0.249734	0.583921
-0.243937	0.623807
-0.247976	0.424735
-0.385447	0.286239
-0.307095	0.264242
-0.0119906	0.210243
0.143139	0.267283
0.4266	0.174496
0.300989	0.153441
0.144257	0.210299
0.125927	0.287663
0.273572	0.128183
0.177234	-0.135491
0.0167233	-0.29177
-0.0648384	-0.334595
-0.166265	-0.227949
-0.147728	-0.162052
-0.0653885	-0.0978841
-0.0634661	-0.0707007
-0.120863	-0.170285
-0.285223	-0.501359
-0.23692	-0.584289
-0.287197	-0.197312
-0.724715	-0.163022
-0.444898	-0.111389
-0.316977	-0.319892
-0.317899	-0.383939
-0.391192	-0.313639
-0.367622	-0.302047
-0.33775	-0.16451
-0.294338	-0.0676526
-0.0882088	-0.0185377
-0.33669	-0.181509
-0.399248	-0.255898
-0.559856	-0.224222
-0.483473	-0.368295
-0.671558	-0.242633
-0.425044	-0.282134
-0.356295	-0.225173
-0.484757	-0.99985
-0.323171	-0.62063
-0.492382	-0.277715
-0.232173	-0.586721
-0.136505	-0.554578
-0.102702	-0.407672
-0.0099305	-0.381123
0.326509	-0.546348
0.426858	0.423351
0.314047	0.541342
0.0631137	0.707723
-0.15833	0.525566
-0.065633	0.0259317
-0.10466	-0.0506737
-0.386612	0.160452
-0.484762	0.249295
-0.606276	0.443541
-0.722307	0.54976
-0.797861	0.355505
-0.44403	0.272221
-0.370376	0.264132
-0.350836	0.406582
-0.389757	0.540629
-0.427001	0.605166
-0.429665	0.559125
-0.413476	0.487646
-0.541265	0.673858
-0.348579	0.521128
-0.259863	0.384923
-0.318073	0.339007
-0.41345	0.445811
-0.308744	0.324376
-0.452923	-0.0360659
-0.605425	-0.179334
-0.67694	-0.301205
-0.653012	-0.406499
-0.661371	-0.413182
-0.637812	-0.367679
-0.616014	-0.275123
-0.62302	-0.109935
-0.624219	0.0666793
-0.557493	0.118272
-0.496487	0.136003
-0.604906	0.582704
-0.663028	0.781221
-0.577738	0.894205
-0.589235	0.9112
-0.565527	0.905899
-0.544526	0.771806
-0.499097	0.597923
-0.497367	0.380702
-0.525888	0.193296
-0.43724	-0.064801
-0.276765	-0.151704
-0.097623	0.126938
-0.127421	0.210176
-0.0829131	0.294973
-0.183291	0.24979
-0.165643	0.21009
-0.179315	0.226255
-0.221133	0.221523
-0.379876	0.0958739
-0.521988	0.0969313
-0.588363	0.255522
-0.642117	0.312595
-0.635276	0.333071
-0.637921	0.372025
-0.611358	0.387551
-0.17633	0.151716
-0.0361056	-0.0596706
-0.1498	-0.362718
-0.284116	-0.409726
-0.137548	-0.399457
0.0369685	-0.447346
-0.0254334	-0.433094
-0.11571	-0.383679
-0.309661	-0.224189
-0.157884	-0.253458
0.00347687	0.103575
-0.0317465	-0.0818709
0.0427927	-0.282282
-0.225121	-0.275536
-0.262219	-0.202019
-0.15223	-0.221511
-0.0578282	-0.0400035
0.117606	0.520068
-0.111371	0.598182
-0.288424	0.462713
-0.27232	0.422847
-0.250773	0.529835
-0.23898	0.574238
-0.295369	0.59857
-0.369499	0.498147
-0.349251	0.249411
-0.167935	0.0222463
-0.115272	-0.0391121
0.0860884	-0.164563
0.107471	-0.0313446
0.232855	-0.0562755
0.29785	0.0710255
0.375396	0.163713
0.308529	0.119534
0.231267	0.158293
0.573178	0.0784026
0.661264	0.111513
0.935175	0.128573
0.928183	0.311164
0.928634	0.260654
0.851924	0.212634
0.858689	0.237876
0.77774	0.217502
0.719232	0.182947
0.587595	0.121352
0.541612	0.0373158
0.53735	-0.0246436
0.481887	0.00965653
0.34023	0.0121217
0.215113	0.00572682
0.121895	-0.0772244
0.11832	-0.0875323
0.021476	-0.111623
0.00500613	-0.190927
-0.0946736	-0.251242
-0.203107	-0.288039
-0.194568	-0.402275
-0.235679	-0.42675
-0.197252	-0.500429
-0.20107	-0.460181
-0.258113	-0.474125
-0.190974	-0.448384
-0.0851474	-0.411827
0.131864	-0.299333
0.191683	-0.0833069
0.111466	0.278723
-0.0772817	0.284592
-0.183057	0.253078
-0.084027	0.0429817
-0.117397	0.123186
-0.386604	-0.127177
-0.414533	-0.0354202
-0.570009	-0.0624236
-0.520773	-0.0134111
-0.510796	-0.160748
-0.422019	1.36031e-06
-0.3388	0.026095
-0.595263	0.0874568
-0.324187	-0.0551446
-0.314658	-0.0484298
-0.245112	-0.164122
-0.207817	-0.190212
-0.263373	-0.0432533
-0.26639	0.158448
-0.329992	-0.129967
-0.331214	-0.12446
-0.265951	-0.0990117
-0.326306	-0.0318567
-0.151823	0.0121528
-0.173009	-0.208832
-0.0984876	0.0949541
-0.20659	0.0405094
-0.299588	-0.199896
-0.163874	0.0573284
-0.405798	-0.0735873
-0.46992	-0.070176
-0.349466	-0.0530699
-0.290599	-0.0699421
-0.120755	-0.189767
-0.369794	-0.0777697
-0.436578	-0.278907
-0.313701	-0.137233
-0.261419	-0.0678419
-0.256625	0.01715
-0.470371	-0.0210167
-0.272082	-0.216524
-0.114232	-0.142424
-0.214166	-0.106694
-0.507124	-0.212891
-0.139251	0.0718172
-0.398432	-0.245309
-0.327065	-0.158577
-0.382309	-0.0925406
-0.142371	-0.0550165
-0.138638	-0.0348233
-0.228555	0.148149
0.0528446	0.203314
0.667761	0.519467
0.560191	0.575168
0.802351	0.583418
0.622534	0.617777
0.419278	0.725145
0.329789	0.71537
0.0696617	0.621695
-0.122904	0.428197
-0.104362	0.401585
-0.187233	0.537743
-0.211998	0.560381
-0.242826	0.577514
-0.663265	0.314691
-0.657986	0.160427
-0.62436	0.180487
-0.698414	0.381856
-0.601549	0.485424
-0.401919	0.601178
-0.227375	0.655095
-0.264573	0.717776
-0.286034	0.513472
-0.178278	0.41075
-0.0117692	0.357575
0.121704	0.407041
0.10932	0.454899
0.0311826	0.424033
0.120397	0.403788
0.144549	0.338042
0.173691	0.230554
0.0685086	0.325238
0.0172398	0.319944
-0.0393344	0.303234
-0.0295112	0.291004
-0.0263605	0.302733
0.00793692	0.225647
-0.0133611	-0.167741
-0.162514	-0.329095
-0.233711	-0.249473
-0.323058	-0.0984982
-0.366791	0.0769443
-0.336988	0.183334
-0.327681	0.168537
-0.0792199	-0.0932065
0.173527	0.0427846
-0.0476402	-0.189928
-0.121896	-0.313444
-0.549154	-0.343203
-0.405005	-0.135589
-0.374567	-0.155444
-0.49405	-0.389796
-0.478285	-0.225698
-0.709054	0.0706182
-0.563838	0.00868285
-0.439931	-0.136056
-0.567584	0.0374666
-0.395741	0.360218
-0.50341	0.518351
-0.62401	0.560967
-0.55509	0.40823
-0.556479	0.239196
-0.563142	0.108173
-0.507321	0.0625895
-0.454143	0.0308673
-0.676186	0.183151
-0.797623	0.265694
-0.435571	0.312071
-0.187158	0.501579
-0.170807	0.543771
-0.170895	0.488273
-0.0931217	0.323568
-0.0580682	0.371772
0.0359781	0.422473
0.217772	0.441662
0.200467	0.390155
0.210728	0.385498
0.218518	0.395287
0.223025	0.484108
0.0973103	0.516368
-0.153339	0.248314
0.247339	0.58091
0.1888	0.653722
0.193683	0.592928
0.225669	0.468612
0.218506	0.432092
0.169009	0.428212
0.0623338	0.295199
-0.0180241	0.316059
-0.160598	0.485627
-0.313631	0.648873
-0.247048	0.618013
-0.177347	0.547597
-0.605761	0.262782
-0.586836	0.114038
-0.645208	-0.00774751
-0.379225	-0.203664
-0.18513	-0.34136
-0.114462	-0.239921
0.126142	-0.178138
0.174057	-0.0300063
0.00269364	0.0596881
0.0730697	-0.0397412
0.0653203	0.0790685
0.219673	0.0404177
0.212891	-0.195782
0.301381	0.137617
0.770892	0.365774
0.846261	0.525814
0.805398	0.494224
0.740715	0.215833
-0.0603157	-0.0780015
0.170212	0.394686
0.156154	0.375923
0.13445	0.365864
0.10925	0.355588
0.13913	0.437186
0.197779	0.522786
0.0404024	0.674554
0.152984	0.565564
-0.198869	0.0681019
0.0118421	0.0733726
0.731	0.642718
0.615885	0.602004
0.479831	0.453981
0.325635	0.321732
0.181501	0.219048
0.0916522	-0.00352586
0.0129559	-0.214147
-0.346892	-0.0504616
-0.881675	0.118302
-0.441874	0.214008
-0.312091	0.444193
-0.336344	0.582061
-0.424687	0.564717
-0.532686	0.188269
-0.688873	0.00163148
-0.549625	-0.108026
-0.251667	-0.338838
-0.254303	-0.270137
-0.224193	-0.214424
-0.176849	-0.08798
-0.174084	0.102126
-0.356361	0.155444
-0.325026	-0.303205
-0.241231	-0.375069
-0.111699	-0.325501
-0.328088	-0.190847
-0.189998	-0.194883
-0.285456	-0.467484
-0.322175	-0.713053
-0.205794	-0.537524
-0.0146378	-0.335058
-0.0333427	-0.0920258
-0.235556	-0.195021
-0.314965	-0.262925
-0.28201	-0.263049
-0.288884	-0.232645
-0.335698	-0.200432
-0.378859	0.0185798
-0.169434	0.205087
-0.25548	0.0547033
-0.0887787	-0.159262
-0.212171	-0.465453
-0.0917799	-0.698325
-0.143493	-0.393148
-0.0905357	-0.238072
0.0206132	-0.404294
-0.0722676	-0.466746
-0.424065	-0.121767
-0.724673	-0.161776
-0.0938164	-0.0969489
0.0539118	-0.0735637
0.0595393	-0.00901199
-0.0321749	0.118321
-0.183148	0.161354
-0.443114	0.385744
-0.317146	0.443043
-0.373562	0.442587
-0.456316	0.472512
-0.213261	0.297566
-0.277316	-0.0912121
-0.390363	-0.173085
-0.403687	-0.204013
-0.361629	-0.173283
-0.243149	0.114579
-0.250602	0.197946
-0.213481	0.200412
-0.15533	0.262495
-0.197003	0.238692
-0.101811	0.282863
-0.0393279	0.297519
-0.261976	0.327955
-0.236866	0.68525
-0.116536	0.829744
-0.11588	0.874716
-0.135574	0.917246
-0.195076	0.912212
-0.24238	0.758273
-0.232403	0.785443
-0.190087	0.855817
-0.177626	0.669308
-0.0463997	0.546949
-0.0566245	0.522706
-0.153402	0.0743227
-0.233078	0.428474
-0.305656	0.0794447
-0.394292	0.550097
-0.577397	0.531927
-0.578702	0.354784
-0.576381	0.168811
-0.582806	-0.00765721
-0.602969	-0.172964
-0.563174	-0.237417
-0.602589	-0.27993
-0.511397	-0.305461
-0.395421	-0.260535
-0.361716	-0.0626383
-0.2934	-0.134122
-0.16366	-0.259038
-0.187886	-0.2669
-0.267294	-0.239782
-0.32263	-0.169779
-0.220648	-0.161226
-0.137041	-0.182486
-0.018013	-0.172208
0.139645	-0.164768
0.146829	0.02691
0.0276209	0.19235
0.0618513	0.0102034
-0.015274	-0.0724129
-0.163989	-0.062678
-0.268345	-0.0678918
-0.353987	-0.0157861
-0.340429	0.0777595
0.159025	-0.105444
0.0534609	-0.337292
-0.339787	-0.208931
-0.675505	-0.185565
-0.675047	-0.305448
-0.687509	-0.352396
-0.674372	-0.099875
-0.486943	-0.12143
-0.634945	0.0656137
-0.799324	0.215121
-0.686082	0.844629
-0.360017	0.888654
-0.508609	0.879947
-0.545714	0.865396
-0.660646	0.786823
-0.460977	0.602431
-0.339552	0.566705
-0.148956	0.492467
0.0212969	0.534196
0.0521179	0.593452
-0.211522	0.633329
-0.489573	0.368083
-0.0505659	0.002585
0.0836625	0.241447
-0.204083	0.255636
0.448793	0.457246
0.103762	0.0536499
-0.058797	-0.188711
-0.399247	-0.416093
-0.388614	-0.607822
-0.229674	-0.681945
-0.223831	-0.598038
-0.295334	-0.400648
-0.417989	-0.170326
-0.285793	0.383328
-0.21719	0.553143
-0.15282	0.610596
-0.173054	0.658529
-0.0733819	0.541962
0.137153	0.100919
0.0988428	-0.0668671
-0.742434	0.0204727
-0.52912	0.0971764
-0.0240139	-0.148674
-0.00777096	-0.178755
-0.0501916	-0.170257
-0.0391614	-0.189874
-0.0139519	-0.170213
0.0133199	-0.154364
0.156601	-0.155128
0.266459	-0.105435
0.305669	0.0685019
0.320089	-0.0625811
0.27234	-0.0104431
0.348133	-0.138708
0.133987	-0.122997
0.0669673	-0.149785
0.112422	-0.24974
0.170709	-0.544842
0.00610789	-0.25439
-0.0209469	-0.169504
-0.0250937	-0.1565
0.0985707	-0.164432
0.142166	0.0201921
0.193997	0.265533
0.125481	0.355285
0.206683	0.346839
0.327784	0.139074
0.32534	0.144838
0.0447671	0.102436
0.107502	-0.104275
0.0420619	-0.175392
-0.00900723	-0.286003
0.0718757	-0.362773
0.104355	-0.440918
0.0765523	-0.44916
0.0925479	-0.433162
0.0964674	-0.440743
-0.0220879	-0.220987
-0.298682	0.129808
-0.204951	0.21727
-0.0891081	0.162746
0.0225885	0.256754
-0.0106646	0.112785
0.0461722	0.187907
0.0446486	0.00173478
-0.0832368	0.113413
-0.178258	-0.0613141
-0.329118	-0.227457
-0.230593	-0.20798
-0.260526	-0.147515
-0.272931	-0.235846
-0.0342465	-0.247165
-0.203213	-0.234747
-0.210639	-0.129118
0.0669014	-0.228207
-0.0904392	-0.364547
-0.150391	-0.397945
-0.104183	-0.338901
-0.05798	-0.403463
-0.004349	-0.586293
-0.125367	-0.27643
-0.204818	-0.374416
-0.242618	-0.190133
-0.229273	-0.368923
-0.26126	-0.536227
-0.145443	-0.369679
0.0617234	-0.393446
0.113245	-0.496334
0.0279045	-0.425117
0.331519	-0.367492
0.010543	-0.491124
0.382531	-0.385656
0.259119	-0.658012
0.144102	-0.373142
0.415596	-0.555712
0.154296	-0.233195
0.135404	-0.280753
0.0575005	0.0951735
-0.192474	-0.152098
-0.150672	-0.338745
-0.067782	-0.35861
-0.159794	-0.0728164
-0.216742	-0.215823
-0.193089	-0.437743
-0.410552	-0.136656
-0.526948	-0.487146
-0.406125	-0.284942
-0.318551	-0.134838
-0.51519	-0.242518
-0.349555	-0.113705
-0.247875	-0.206631
-0.243095	-0.0482984
-0.281489	0.0861556
-0.141963	-0.045912
-0.347464	-0.101416
-0.3869	-0.120293
-0.271731	-0.0866015
