-3.68178	-11.4688
-3.20432	-9.93336
-8.05743	-11.9606
-4.26426	-2.69933
-0.511617	-0.0301796
-1.29245	2.56659
-6.19434	-2.37042
-8.19557	-7.52134
-12.7489	-13.8865
-4.73944	-21.3988
-9.13442	-25.3647
-7.16359	-20.9828
-8.05902	-19.3958
-10.2417	-16.6283
-9.57059	-13.599
-10.1355	-11.4651
-11.3827	-10.3161
-13.4531	-9.61759
-16.7584	-9.79366
-18.6765	-12.2315
-17.2265	-14.5099
-18.3745	-15.3937
-19.2647	-12.9658
-20.8784	-14.8871
-22.4691	-14.0044
-21.5987	-12.3571
-20.0159	-10.843
-16.8903	-11.5796
-15.8248	-10.3556
-14.0899	-8.69984
-10.5449	-3.35106
-2.72543	-6.25272
-6.78699	-9.51011
-0.330159	-4.76234
-0.0687577	-7.02769
-0.673822	-3.29045
-0.800508	-10.7892
0.483923	-11.1638
-1.97458	-18.0747
-6.8753	-23.7746
-5.11319	-25.2682
-5.22435	-25.2112
-4.14389	-24.9411
0.492187	-18.8729
5.48345	-12.986
2.53378	-10.7641
9.38625	-9.91038
3.75203	-13.2392
0.217051	-15.842
-5.81982	-13.0133
-4.36673	-17.6828
-5.48361	-15.8334
-10.3932	-12.6372
-10.2635	-9.99741
-10.8413	-8.78716
-14.0649	-12.6498
-21.851	-12.0319
-22.6155	-10.9907
-21.2319	-14.0127
-17.0869	-17.1933
-13.9625	-16.5475
-12.4137	-18.7884
-10.4893	-18.1349
-8.26205	-17.1431
-4.23823	-10.5971
1.86314	-8.33249
-10.3084	-6.60317
-9.63525	-2.17616
-10.493	0.293649
-15.1056	-4.78192
-8.64235	-0.379144
-1.51122	5.95499
-5.92048	1.52841
-8.29355	-1.43269
-9.15049	-1.76934
-9.2156	1.02988
-9.14466	-9.45125
-6.2659	-6.12976
-7.29756	-3.40968
-14.5342	-2.42376
-9.5784	-0.794302
-12.7761	-6.62059
-15.7482	-5.63964
-17.3486	-3.82849
-17.7834	-6.43097
-16.012	-5.58022
-13.9644	-3.77703
-17.0071	-4.20803
-18.2216	-7.02171
-16.8972	-8.08494
-17.3344	-7.18939
-19.7471	-9.95749
-20.6036	-12.4309
-5.27235	-2.57997
-10.1546	-0.863004
-12.2238	-6.05291
-8.60652	0.919817
-8.18461	-0.628512
-7.5805	-3.55965
-6.08147	-7.10808
-6.23271	-8.85059
-6.68931	-6.24908
-8.83825	-1.18576
-7.07797	-6.91852
-4.45736	-3.68355
-6.22587	-7.43458
-6.63781	-11.3033
-5.01429	-13.3215
-5.03513	-13.9352
-5.19919	-9.91274
-4.48492	-13.3282
-5.57508	-17.0075
-8.29336	-10.3133
-14.6183	-2.71379
-12.5947	0.34986
-17.0271	1.09997
-14.0824	0.15057
-15.9173	-0.692085
-13.3267	-4.61614
-17.1174	-5.18299
-14.6695	-1.6255
-17.5479	-3.25341
-11.7348	-4.64004
-11.5812	-3.83502
-10.9648	-3.59918
-9.55941	3.27354
-11.4915	-1.51263
-11.6903	1.04828
-12.5688	-0.589743
-11.5678	-5.17119
-11.7196	2.53854
-9.9452	-0.954696
-10.1268	-0.699613
-12.0832	0.0223474
-17.0138	-1.08668
-16.689	-2.21912
-12.8193	-7.65175
-12.9156	-9.91006
-15.5876	-3.76994
-6.58585	-5.21824
-5.46128	0.360563
-5.80511	-3.96843
-11.8809	-3.15681
-8.54448	-6.60904
-7.79042	-5.45427
-7.85613	-3.74907
-10.4634	-3.71768
-4.70248	-4.6001
-5.9655	-4.2281
-4.64405	-8.98926
-6.16047	-3.10558
-5.26676	-3.95332
-5.55997	-6.49606
-0.459936	-3.63898
-3.58957	-2.77644
0.881032	-5.16488
0.722378	-8.32205
-2.48449	-5.61223
-3.30785	-10.591
-2.42717	-7.59399
-1.19621	-7.97858
-2.88847	-9.56732
-2.03896	-10.5985
2.7852	-6.63533
-2.78076	-5.33251
0.128898	-4.08484
0.0587703	0.716579
2.83046	-6.31189
-3.41692	-11.4369
-4.26644	-3.7452
-12.1419	0.985852
-9.38645	0.27929
-4.60324	-2.00101
-2.91454	-4.80548
-7.25909	-6.86797
-7.09171	-2.22548
2.84457	-1.20888
-0.557417	-10.8722
-2.29197	-5.14246
-4.70294	-7.44308
-2.35202	-10.3475
-0.38888	-2.82725
-3.01613	-6.89971
-2.31405	-6.0658
-7.63343	-9.39543
-3.56187	-5.82733
-5.25828	-9.79639
-1.22866	-4.47208
-1.9506	-6.50458
-3.58133	-7.49
-1.04978	-6.89524
-0.97244	-12.908
-6.93947	-12.5235
-0.186026	-16.4226
-2.74737	-12.3566
-2.99576	-13.0316
-6.65209	-11.6874
-13.472	-9.33542
-16.679	-7.62413
-19.1211	-10.3002
-21.0559	-9.72233
-21.9096	-12.8858
-22.5841	-14.7951
-24.452	-14.6492
-24.4953	-16.303
-26.1852	-20.2763
-26.6712	-17.487
-17.5951	-10.9517
-15.5532	-9.14226
-11.2158	-6.63117
-9.91578	-7.27691
-7.25259	-5.72905
-13.3144	-8.85607
-16.7502	-13.7373
-12.9038	-16.092
-9.59309	-21.3075
-9.56793	-23.2848
-10.4213	-23.3373
-10.8538	-26.6256
-6.67306	-25.4489
-1.11712	-20.945
0.992497	-10.8156
-2.27259	-11.1104
-7.75116	-14.2721
-3.71291	-18.3643
-8.2261	-9.33571
-12.735	-7.00516
-12.9847	-3.35282
-3.3382	-7.96868
0.367355	-4.94154
-0.528745	-9.07302
-5.60657	-12.443
-10.4098	-11.6051
-5.29193	-4.30614
-5.28936	-6.75798
-15.9515	-13.0254
-20.5302	-11.5353
-20.0427	-11.648
-21.4353	-14.1985
-14.6743	-14.9042
-11.9576	-13.919
-11.8606	-13.0779
-12.4967	-15.6255
-11.4749	-13.0216
-11.133	-13.5253
-10.964	-11.5031
-5.95076	-11.671
-2.46914	-8.98091
-5.40189	-10.1856
0.251622	-7.97095
-11.3601	-14.233
-24.279	-11.9686
-24.8391	-12.7766
-22.9495	-15.7423
-20.3859	-14.6602
-18.6353	-16.0951
-11.7495	-16.0092
-6.40681	-10.188
-0.0443293	0.35365
-5.20339	-2.28827
-10.9745	-6.43204
-12.8375	-2.00557
-10.1463	-4.79433
-12.0213	-6.47339
-12.3	-8.06056
-6.38682	-9.21925
-11.3329	-11.8812
-9.17476	-6.57033
-8.95388	-4.60005
-5.81639	4.203
-5.18771	-0.50761
-10.891	-8.48114
-7.31308	-15.0564
-6.8942	-18.9228
-8.74098	-19.8453
-8.1973	-20.3213
-7.94759	-21.3255
-9.45678	-21.9616
-10.1973	-20.1438
-9.55522	-20.6703
-8.49856	-19.7495
-8.06623	-19.527
-7.30216	-18.3638
-7.0237	-19.3927
-6.8661	-18.0146
-6.02775	-14.8803
-3.3826	-12.0511
-5.14173	-11.2142
-4.7602	-14.9785
-5.183	-17.0386
-5.18786	-16.3465
-4.07595	-13.4246
-4.69918	-14.2563
-4.89695	-12.9984
-4.81029	-8.85115
-7.20745	-10.552
-10.22	-10.0104
-10.1808	-12.2975
-5.59211	-15.0912
0.105854	-9.2669
-8.16308	-15.5144
-6.26711	-15.2668
-7.84447	-14.4777
-9.77718	-12.9949
-12.215	-9.42388
-9.32033	-3.48097
-0.0739947	5.2906
-5.41002	-4.40102
-9.21454	-6.82118
-7.95904	-6.73124
-4.73286	-10.3843
-19.7609	-6.19077
-16.4625	-8.84288
-8.87229	-3.70294
-18.3361	-15.739
-19.9578	-21.4175
-16.2947	-19.0901
-12.6857	-14.8276
-9.96327	-7.10831
-7.06766	-7.12868
-6.91637	-9.38622
-4.79106	-8.19178
-4.97216	-7.80655
-5.35466	-9.73462
1.21016	-5.21083
-0.702775	-9.10402
-0.399254	-10.4799
-6.95133	-11.7213
-1.93756	-5.71436
-1.36782	-13.0529
-1.43007	-6.4053
-5.16252	-13.5835
-15.4556	-12.8146
-12.0724	-11.9116
-9.88578	-14.8744
-7.5851	-16.4961
-6.59773	-17.7694
-3.5908	-13.6785
-1.9937	-9.43131
-12.6426	-5.93302
-10.471	-6.76599
-7.01266	-12.2109
-7.03135	-12.3201
-2.37473	-6.11894
-8.41752	-3.32691
-5.12748	-5.18638
-5.50558	-3.97078
-6.30079	-12.3228
-4.1261	-10.6999
-11.2805	-7.26272
-8.80503	-11.1427
-5.52478	-20.6887
-5.75413	-21.6957
-7.10858	-21.9142
-7.03647	-22.6676
-7.83915	-22.4278
-7.86846	-23.933
-7.95741	-23.5647
-6.77043	-23.7621
-6.44499	-21.2414
-3.61887	-21.82
-0.463349	-18.7175
-1.87672	-11.4614
-2.23632	-11.9252
-5.68023	-10.1611
-8.03754	-11.004
-8.5692	-8.45898
-9.07177	-7.15101
-5.4251	-11.0273
-3.13283	-13.4823
-0.481767	-14.2083
-3.87876	-13.5507
-4.6126	-12.0833
-2.35689	-8.08426
-0.946938	-3.45654
-6.6325	-10.9698
-14.3593	-8.87553
-15.7732	-11.7921
-18.9103	-9.68549
-19.3224	-9.68418
-18.9242	-7.65283
-18.352	-6.92903
-15.8484	-8.06516
-10.0497	-5.2435
-10.0326	0.315258
-10.9723	-1.4578
-7.18686	-4.92127
-7.40314	-11.0526
-8.59408	-14.8667
-7.91297	-16.8093
-7.9928	-16.9671
-7.85979	-17.5996
-6.91821	-18.0581
-5.39387	-15.5872
-5.19516	-13.8861
-7.37086	-7.51791
-3.96664	-2.39861
-4.95835	1.53089
-5.21978	-0.897792
-5.39182	-2.96573
-9.62449	-4.50359
-6.16319	-3.05926
-0.168141	-3.43583
-3.33209	-8.43985
-0.177037	-17.4435
-0.915919	-20.0397
-5.58036	-22.3204
-6.78816	-22.9161
-5.14261	-22.025
-4.42712	-22.4236
-4.03677	-22.2825
-0.671	-20.2985
-0.837913	-18.7351
-0.519851	-17.8669
0.475781	-14.2485
2.70248	-10.9667
0.343172	-9.72542
-3.46981	-8.08926
-2.39828	-15.92
-4.25007	-8.64431
-1.71577	-13.3234
-6.09068	-6.66407
-5.40019	-4.47645
-10.1775	-5.10498
-10.3704	-5.56282
-10.6494	-6.95014
-8.43252	-8.23454
-5.83101	-5.68233
-8.36239	-12.3135
-9.67088	-11.1915
-6.71058	-13.0024
-4.1161	-8.96554
-1.91832	-9.81471
-7.30193	-14.5192
-5.85638	-8.77699
-7.60582	-13.4845
-5.01099	-14.0441
-8.37684	-16.76
-1.33734	-10.1918
-0.0555162	-8.41932
4.13987	-4.74027
0.437612	-14.1991
0.754333	-13.2663
0.503909	-15.6728
0.808156	-16.3521
0.388444	-14.736
-3.08565	-12.722
-12.8076	-7.1313
-14.2583	-4.94257
-17.0508	-6.4086
-18.3453	-8.51251
-19.4638	-9.78884
-20.0016	-9.91417
-22.1315	-8.19393
-23.1725	-9.23091
-21.66	-6.76477
-20.4831	-6.87043
-19.3697	-3.8476
-17.0447	-3.64931
-12.6332	-3.00468
-10.8028	-2.55904
-17.526	-2.58048
-17.9635	-5.21145
-18.8245	-6.92252
-19.9186	-6.92587
-22.0427	-7.13564
-23.5119	-9.47037
-17.0213	-6.64342
-0.849931	-5.5228
-5.51123	-8.40548
-7.43694	-8.23867
-10.2826	-7.75031
-8.75159	-6.92192
-9.04368	-12.8308
-3.89651	-9.56318
-9.78295	-4.98737
-0.891958	-8.31476
-8.44584	-9.39114
-5.15952	-10.6941
4.31525	-13.9448
-4.62696	-9.50649
-6.15958	-6.79326
-7.73058	-12.5315
-11.6882	-7.68552
-4.58717	-11.2856
-2.6553	-14.3201
0.940619	-12.7669
-0.165815	-27.7936
-2.23384	-28.9228
-1.03453	-29.838
-0.576918	-29.5263
-0.915797	-28.2383
-2.47283	-28.4569
-4.0527	-26.213
-3.02828	-23.5399
-2.18416	-22.2193
0.0811174	-17.7049
5.71515	-5.64669
6.41473	-11.496
10.3593	-9.96846
4.38407	-7.15188
3.12088	-13.9439
-7.5009	-16.9555
-2.25665	-12.1537
-1.50921	-15.0732
3.36231	-10.5384
-0.666218	-11.8657
1.15216	-12.6804
5.75444	-6.32355
-1.06768	-10.4145
-2.62606	-12.9764
0.0111681	-11.4409
-0.893253	-10.5974
-2.59741	-9.14135
1.67011	-9.40823
0.512236	-3.83124
-5.12804	-13.3139
1.73477	-9.09975
0.192268	-8.87988
-2.74682	-5.11979
1.87346	-2.44489
1.60651	-4.70356
1.54147	-6.84849
2.56858	-6.69261
-3.28324	-3.93868
-1.07502	-11.1416
-7.47292	-7.61041
-5.69895	-4.39881
-4.50999	-6.82504
-2.45736	-6.06915
-0.0935583	-6.88176
-9.42228	-10.8644
-2.10208	-8.58849
-5.20506	-11.8496
-4.07739	-4.72479
-3.03458	-5.9894
-4.22487	-5.28926
-2.59942	-4.9577
-2.53987	-4.52003
-2.80089	-6.04571
-3.31049	-6.37223
-4.32234	-7.0422
0.534368	-4.24733
-0.839243	-5.97617
0.904994	-7.05206
0.390229	-6.58887
-1.85209	-9.25403
-4.18946	-13.0222
-2.83683	-8.92943
-4.02143	-8.41417
-2.40216	-8.01782
-1.43789	-5.99015
0.197587	1.21401
0.43673	-5.49924
-3.2887	-7.04157
-3.65306	-11.9191
0.689473	-9.49098
-1.7148	-3.96937
-1.78228	-2.66707
0.630853	-5.04709
-3.5232	-5.38608
-2.25798	-5.98274
-1.21168	-4.1818
0.43285	-6.18061
2.95503	-5.85538
-1.18642	-3.31144
-1.69612	-4.72616
-5.39514	-4.55913
0.249993	-2.98823
-1.89047	-9.08922
3.72339	-7.90523
1.51049	-3.14961
0.531257	-2.45306
-2.42918	-6.50232
0.86896	-9.41499
3.21986	-6.80046
0.198476	-5.94159
0.981953	-8.26295
0.0161284	-10.5157
-3.74845	-8.19622
-3.00616	-9.78804
-0.915319	-5.96995
-5.36357	-8.68524
-0.549384	0.996316
-4.39547	-4.09444
-1.5738	-1.93757
-5.18733	-1.30746
-4.62131	-2.26403
-1.72779	-4.23472
-1.97302	-3.88924
-4.10428	-9.51578
-0.16243	0.686684
0.753542	-3.52871
-1.60947	-9.88424
-0.684225	-8.76439
-5.82184	-8.27717
-2.77528	-6.92484
-5.18393	-2.69341
-8.10638	-8.2774
-5.07997	-19.3872
-5.89896	-19.7008
-6.9199	-17.5674
-7.5867	-15.0595
-9.29407	-15.9715
-10.7707	-14.4936
-12.6092	-13.3252
-13.6507	-10.0041
-3.45177	-9.04837
-7.51476	-5.40508
-8.01607	-5.26056
-16.3419	-10.7735
-16.491	-7.83574
-15.8601	-7.54457
-14.3212	-8.86199
-13.312	-11.2351
-12.8136	-17.448
-7.09313	-16.4209
-3.22109	-8.92871
-3.28013	-5.51498
-10.7677	-10.0865
-11.0174	-9.15816
-12.2899	-7.64999
-12.7465	-11.1319
-11.1349	-5.95123
-12.8963	-11.9521
-10.2753	-4.92682
-2.00711	-5.73344
1.42271	-11.6344
-6.12846	-6.3559
-7.28456	-10.6321
-7.04471	-6.0292
-8.51957	-5.50787
-7.76827	-13.6432
-8.43908	-5.41841
-5.12144	-7.86892
-18.5332	-10.7786
-20.3512	-8.38961
-20.8921	-9.62903
-20.8929	-11.3919
-20.7651	-11.661
-20.0772	-11.3426
-19.7554	-12.4952
-14.5564	-18.1165
-4.63655	-13.5531
6.81338	-1.39998
-2.06473	-0.611161
-10.3081	-2.07027
-10.0344	-8.12343
-8.54127	-9.88659
-2.70087	-9.65901
-0.385009	-11.6383
-1.08684	-10.7839
-6.33145	-11.9612
-4.65157	-20.7806
-4.439	-19.0729
-4.55456	-18.5946
-6.44566	-19.3113
-8.63295	-14.8007
-9.10093	-11.8349
-3.37584	-8.66583
-3.6768	-0.0211795
-10.6845	-10.3579
-9.48203	-10.8267
-10.3738	-8.78845
-1.52539	-5.58267
-9.0785	-7.78445
-5.78057	-18.0813
-4.35387	-23.6201
-4.88536	-24.9052
-6.06058	-27.3306
-5.94263	-29.5088
-5.87485	-29.9849
-7.15274	-30.7407
-5.86779	-30.3092
-6.30871	-31.2958
-4.161	-31.0443
-1.80174	-30.7819
-1.64889	-31.1852
-0.307397	-22.1997
0.840579	-13.0084
2.83586	-12.7743
1.1044	-14.9131
-2.88073	-13.1842
-5.57631	-16.0693
-6.76229	-20.1026
-7.30102	-20.9946
-9.46683	-21.2345
-9.5117	-21.0563
-9.03155	-21.7932
-9.58413	-23.664
-6.52404	-23.8138
-0.465278	-19.3916
4.51938	-14.7125
1.59063	-14.9602
-3.4753	-18.3685
-6.67587	-20.3636
-6.27035	-20.5967
-12.3733	-12.2363
-9.41428	-7.61693
-10.8879	-11.5554
-10.1748	-14.8376
-3.80489	-7.28746
-0.444393	-4.75671
-2.7441	-7.36684
-1.61234	-5.65302
-6.02241	-8.47002
-2.47255	-13.1104
-4.47143	-6.45283
-3.8136	-6.11434
-4.08478	-7.50755
-5.62823	-7.7189
-2.40158	-10.4738
-2.39571	-15.8973
-1.31978	-11.6672
3.38702	-1.92447
-0.324145	-17.5433
-4.99011	-14.6587
-5.61247	-16.39
-6.2679	-18.2876
-7.59921	-16.384
-5.6393	-8.28193
-1.58433	-7.45526
-5.50055	-10.2204
-3.45661	-7.71933
-3.74645	-4.94165
-4.09353	-12.8396
-5.11311	-11.9381
-5.77907	-18.3911
-11.3172	-15.605
-14.9481	-11.8786
-16.8756	-10.988
-17.6654	-9.8231
-17.2573	-9.70273
-13.6004	-8.9827
-11.0282	-8.8979
-10.7765	-12.4772
-9.09534	-12.9381
-7.93914	-11.5108
-7.01471	-11.1433
-7.86686	-8.23527
-7.90546	-7.53474
-9.47101	-6.77264
-3.49718	-9.19754
0.478477	-9.18749
-0.0346611	-8.11268
0.249911	-7.53435
-1.53503	-5.43901
-2.63064	-6.19107
-10.2605	-5.13445
-13.1998	-0.0913188
-10.5841	0.31621
-10.6178	-0.903325
-10.0806	-0.31797
-9.3645	-0.201276
-9.4512	-0.392482
-9.55228	0.671428
-10.1999	0.72322
-9.31021	0.347149
-8.39194	3.02016
-6.73557	4.03827
-1.38427	4.75988
0.332671	3.39165
-1.09449	2.2803
-1.64701	3.51617
-3.07192	0.778598
-10.5713	-1.47299
-16.9544	1.28148
-13.4748	1.7483
-10.8276	-2.31557
-7.55747	-3.0789
-7.89419	-0.866297
-12.4699	-2.31845
-13.2428	-0.0396479
-14.3521	-4.5342
-18.8352	-4.98428
-10.3306	-3.69458
-10.672	0.604626
-8.32314	-5.73733
-13.9738	-4.67215
-11.3748	-6.39838
-7.71344	-4.98069
-6.30397	-3.03427
-11.5052	-4.14876
-11.2954	-4.11454
-8.27688	-7.14794
-7.78415	-5.23709
-10.1398	-2.93697
-9.3248	-3.49306
-10.6628	-3.01658
-8.02345	-5.04745
-7.23315	-6.94507
-12.7353	-8.85646
-11.5892	-5.49126
-11.0454	0.172047
-9.37085	-5.86418
-8.49591	-3.41593
-7.3077	-2.62578
-5.26577	-7.31827
-8.38863	-5.77578
-2.93989	-1.07429
-7.40399	-1.81309
-4.40629	-8.10017
-7.08495	-7.57696
-6.14594	-4.09177
-1.27988	-7.36009
-3.32809	-10.5043
-7.29191	-4.91154
-1.66464	-8.08788
-4.18827	-1.37298
-5.36117	-7.40015
-4.42315	-9.19261
0.685466	-4.47499
-4.10155	-11.7866
-6.26407	-6.84574
-5.30961	-8.32183
-3.76669	-11.1425
-2.21588	-1.43643
-2.49017	-5.73803
-2.82986	-12.1076
-3.18278	-12.6672
2.57974	-0.0378138
0.30123	-5.10026
-6.16537	-9.37684
-3.82294	-6.50275
-0.894089	-6.92151
-3.4092	-10.2061
-6.13845	-3.63499
-1.88215	-0.584524
-0.379328	-4.65384
-7.28189	-7.86131
-1.60072	-8.69473
-9.53014	-4.25328
-9.14498	-9.59889
-8.71605	-11.9109
-8.44044	-7.0965
-7.71513	-5.25686
-4.92132	-4.25518
-6.42577	-7.13148
-7.94842	-7.08026
-5.34524	-4.87508
-4.52844	-5.87565
-6.1617	-7.37585
-3.23089	-10.0708
-6.03963	-6.84699
-10.3113	-11.8813
-8.01039	-10.7794
-8.0695	-10.1875
-3.41306	-21.6253
-2.33394	-28.3058
-3.39413	-32.1578
-4.41542	-30.7882
-4.06846	-29.6059
-4.04809	-31.299
-3.52496	-28.2227
-4.58707	-26.617
-4.69282	-26.7037
-4.81393	-26.0067
-6.53774	-27.3452
-6.91198	-27.6344
-5.98191	-24.1791
-7.24366	-19.0243
-11.1502	-12.0491
-14.8238	-9.8243
-17.5955	-15.5275
-13.232	-17.7449
-13.2668	-18.4785
-13.6928	-15.542
-16.3984	-12.6386
-18.0442	-17.1606
-16.9638	-14.2556
-17.8253	-9.07628
-15.7673	-7.01115
-11.8389	-4.71585
-8.49642	-6.30099
-8.06182	-8.45465
-7.94434	-11.3017
-3.16848	-14.8467
0.530949	-17.0446
0.772788	-25.0844
1.48751	-27.554
1.10672	-26.2127
2.09795	-23.9819
0.863698	-22.4941
2.17238	-18.3573
-0.68707	-20.5217
-4.94475	-23.909
-7.09554	-25.7486
-6.0076	-23.7436
-6.4039	-23.6333
-6.84705	-22.417
-4.6883	-22.5368
-0.860808	-11.0503
-8.66316	-10.5268
-6.29175	-9.73331
-1.35772	-2.53677
-6.28039	-1.27404
-8.34486	-4.4758
-6.56996	-10.9868
-3.60347	-16.019
-1.15341	-22.2478
-2.90138	-25.1822
-1.90015	-26.4172
-0.942096	-26.243
1.96968	-25.2853
3.00452	-18.5271
4.27282	-14.533
1.67016	-16.7929
1.18227	-9.93382
4.49344	-17.2952
4.43966	-12.324
2.57925	-13.9154
1.79559	-9.08533
3.24036	-12.4729
2.77506	-12.9921
1.77184	-11.9731
0.159751	-9.41685
2.5726	-14.0115
-5.61285	-24.9513
-6.82625	-26.2777
-8.58993	-28.0677
-7.62615	-27.7762
-9.16504	-30.1299
-9.40935	-29.6928
-10.0936	-30.7007
-12.6326	-29.5454
-10.0881	-29.7756
-7.95323	-31.1624
-9.90663	-30.0483
-8.63069	-29.5029
-8.98555	-29.2821
-8.31262	-28.5196
-7.38066	-28.3702
-8.1065	-24.151
-5.99086	-23.0867
-4.48067	-15.8683
-5.07515	-12.279
2.72623	-13.1208
7.31757	-17.4576
6.31986	-18.7578
4.78063	-21.5376
4.3661	-19.1628
4.16191	-19.3593
5.47924	-16.1308
3.76046	-10.7948
5.49279	-9.15612
0.13809	-8.20251
2.71267	-8.12507
0.252809	-15.3293
0.0282638	-24.7903
-1.74324	-26.2518
-1.80782	-24.1586
0.0972196	-23.4152
0.933707	-24.3127
1.20523	-24.475
2.98521	-20.6428
5.82966	-14.356
6.60303	-14.2113
4.15181	-17.6906
4.73989	-12.7718
4.28344	-16.9744
3.19972	-13.5564
-0.299467	-10.1698
4.29335	-6.37335
4.59071	-9.13706
3.26548	-10.0383
0.985122	-11.8197
-1.95855	-8.22222
-2.86794	-5.83689
-2.79221	-7.93402
4.79641	-7.59705
-2.30067	-15.1059
-14.3005	-12.0505
-16.5274	-11.9902
-17.0805	-6.82286
-13.8224	-8.71916
-8.6662	-17.3539
-10.0621	-24.4426
-8.90048	-25.1602
-8.52572	-25.8334
-4.86841	-24.9958
-4.3752	-11.0748
-0.488472	-11.7563
-4.73589	-17.4597
-8.29781	-14.4053
-3.8629	-15.9246
-7.92653	-14.2334
-6.93427	-14.798
-5.52053	-14.487
-7.4576	-12.5773
-8.33654	-10.8228
-4.73083	-7.53966
-6.68817	-10.0292
-7.90931	-9.82972
-4.92794	-7.58754
-9.34566	-16.3264
-1.17196	-28.3676
-3.3797	-27.149
-4.87204	-26.8875
1.8093	-26.3935
-8.37209	-26.1374
-6.6198	-29.7574
-4.65972	-32.6081
-7.66725	-34.6181
-4.72969	-31.458
-1.61989	-25.6312
-0.77054	-18.3298
-0.33141	-17.6368
-1.5562	-17.0773
0.786693	-16.4769
1.62678	-17.7504
2.68672	-17.2615
-5.5523	-11.1563
-10.6509	-8.11843
-13.8409	-6.70926
-15.6617	-4.75412
-18.3278	-6.83283
-14.075	-9.25507
-1.03003	0.507509
-2.04053	2.50193
0.377014	2.59126
-10.6396	-1.49987
-11.0479	-5.53864
-10.82	-5.42158
-13.219	-6.75522
3.48107	-9.92247
-1.58647	-15.8214
-4.42794	-20.2159
-8.18369	-19.6826
-10.5657	-16.0814
-11.6841	-14.3539
-12.5825	-11.0376
-8.59483	-12.5664
-5.27321	-17.1029
-6.38989	-17.6034
-7.65004	-20.0645
-8.41428	-19.9148
-9.0001	-18.4853
-9.34646	-19.118
-8.12091	-18.0461
-3.03848	-19.5706
-2.35558	-14.9217
1.07806	-17.5824
0.673259	-18.591
1.24756	-15.367
-0.688892	-17.341
-2.84548	-15.6132
-2.6969	-15.4961
-1.86501	-18.1789
1.36342	-19.4883
-1.27933	-15.2517
2.07021	-17.7256
2.17295	-14.9753
3.77787	-12.7041
4.24975	-9.49061
3.76205	-7.47024
9.25873	-6.51564
8.34212	-7.46613
6.32166	-5.48735
-1.24484	-3.4713
-3.67701	-0.812561
-3.57991	-8.37631
-5.91928	-4.59002
-9.71838	-5.85896
-5.82169	-10.3243
-4.13393	-7.2777
-10.3839	-6.51579
-7.12036	-5.79526
-8.42626	-3.62882
-5.14704	2.38414
-10.4223	-9.44803
-7.35478	-4.01212
-7.26476	-4.15739
-10.2096	0.900374
-7.99342	-4.79185
-8.86739	-8.26753
-10.3423	-3.29217
-9.90971	-2.14931
-9.27706	-5.33678
-10.5642	-1.15342
-6.85475	-0.435378
-10.0021	-2.56734
-9.54611	-13.5098
-6.61172	-7.14895
-7.87282	-4.69654
-5.77627	-0.211428
-7.76089	-3.10762
-9.24176	-5.95294
-11.1309	-4.94656
-12.6955	-6.37479
-12.6701	-3.2429
-5.83983	-5.29743
-7.23353	-7.25205
-3.80334	-7.23184
-6.08008	-11.5701
-7.02994	-6.27844
-6.15432	-12.9471
-8.66686	-9.50633
-5.28123	-6.37829
-5.57658	-2.0075
-6.94405	-9.00092
-1.92391	-7.71688
-1.30177	-6.16316
-2.15853	-6.78811
-3.30636	-6.01903
-2.5322	-5.65446
-5.31234	-6.3274
-5.66392	-9.95684
-2.90285	-6.64514
-4.52676	-5.43701
-6.05316	-7.70109
-4.51821	-0.984985
-5.79368	-6.34938
-5.35878	-4.14861
-3.70747	-8.21666
-4.00751	-7.59554
-1.19956	-5.25252
-1.56375	-8.46237
-2.96055	-17.8215
-2.84117	-8.74043
-3.04425	-5.71553
-6.17833	-5.52034
-0.103098	-8.06832
-3.24979	-5.72497
-3.02596	-12.5871
-9.43311	-6.37165
-4.29883	-6.58994
1.88465	-14.5202
2.28885	-15.1882
-3.65709	-17.9444
-2.1175	-19.6157
-2.90264	-24.5682
-3.8836	-21.9338
-6.66545	-20.05
-8.33007	-16.7845
-10.2957	-14.2332
-11.9777	-15.3941
-14.0163	-17.4399
-12.1534	-15.6296
-7.91609	-16.0635
-12.8781	-14.6789
-11.4742	-15.4172
-9.67245	-18.2301
-8.95372	-18.9756
-7.35681	-20.7402
-4.8494	-21.3291
-3.3272	-20.1188
-2.41009	-17.1911
-6.73128	-12.9461
-3.89025	-9.51807
-3.60815	-4.05724
-6.03066	-4.87506
-2.651	-2.99546
-3.57719	-11.3655
-3.10124	-17.4681
-3.59053	-21.9809
-8.0625	-25.265
-8.5447	-25.9817
-9.57312	-25.4719
-10.1219	-24.5243
-9.04719	-22.2394
-4.46792	-18.6535
-3.83132	-23.1647
-4.3745	-24.4222
-3.05776	-23.8146
-0.443509	-23.8753
0.455403	-22.3558
0.234082	-22.4396
2.07939	-21.2766
1.81446	-15.6552
2.05858	-10.358
5.61641	-9.01889
0.570417	-11.7654
0.844542	-8.83044
1.31797	-10.0279
1.72287	-9.98954
2.06074	-11.0881
-5.41647	-27.5152
-5.04414	-27.5161
-5.00448	-29.5874
-4.74428	-28.9129
-4.21032	-28.6118
-8.49768	-27.3163
-10.5595	-24.0749
-9.83749	-21.9347
-7.87514	-23.0474
-7.96246	-20.7635
-8.35011	-20.6446
-8.28229	-20.7539
-9.3811	-21.9274
-8.39645	-23.5245
-8.48603	-23.6914
-5.10959	-22.3688
-4.75371	-20.9671
-0.370626	-14.5881
-2.79374	-16.1416
-0.492588	-20.6577
-2.63439	-25.3078
-4.81736	-28.5802
-5.40768	-27.5647
-7.08569	-28.9856
-7.85855	-29.2716
-8.43356	-27.131
-9.33627	-27.0723
-9.54914	-25.0349
-8.71595	-23.2586
-10.2137	-23.9801
-9.86377	-20.5007
-7.43654	-19.6545
-8.509	-21.0468
-9.93787	-21.4556
-7.995	-20.6777
-7.55301	-22.7056
-7.57032	-26.7459
-8.5702	-29.2768
-10.5236	-29.6898
-8.35554	-23.5474
-7.09002	-18.9754
-6.16333	-16.0844
-5.24806	-14.0466
-2.79903	-14.3923
3.23111	-17.038
1.72718	-13.9075
2.15196	-14.2713
-0.363175	-15.6616
4.53301	-10.7301
3.55156	-10.3669
2.48372	-9.90206
-0.677728	-16.0515
-5.27324	-8.02528
-7.30785	-11.1851
-4.68102	-17.5773
-5.27564	-18.4895
-2.77566	-11.6238
0.459359	-7.6193
-5.90939	-14.2622
-8.63095	-17.5292
-8.29675	-16.7397
-8.92279	-19.5974
-9.72515	-21.9745
-8.63753	-23.4085
-8.89257	-26.3815
-6.24498	-29.6159
-3.68463	-28.8505
-1.98503	-28.8992
2.86639	-29.1269
0.254135	-27.0611
2.65824	-26.0295
4.06737	-26.8915
1.09262	-30.4436
-0.269188	-27.4606
-2.13177	-31.3309
-1.94022	-28.1695
0.305709	-25.6682
-0.351369	-24.2161
0.706423	-22.2543
3.60564	-19.2622
1.94184	-20.6611
-1.18639	-21.844
-0.450787	-18.8108
1.24124	-16.1206
-11.3983	-8.41127
-13.4333	-8.71576
-10.8058	-8.99751
-12.4044	-16.741
-14.9139	-17.5926
-12.0268	-18.8646
-11.9338	-19.4108
-10.3889	-17.9658
-9.84708	-15.5215
-10.4118	-15.361
-8.84447	-14.6149
-6.33163	-13.6946
-6.00347	-11.8646
0.629096	-7.17992
-2.20989	-10.3615
-5.53827	-7.00306
-9.09996	-15.3481
-6.25449	-11.8293
-6.93102	-14.5564
-13.4875	-9.35603
-8.54546	-8.39597
-3.90642	-17.4998
-6.81593	-13.3456
-6.81718	-7.00824
-6.31687	-5.70573
-5.88796	-4.65423
-5.85104	-4.65441
-2.99833	-10.1012
-4.48027	-17.4977
-8.97981	-19.8635
-10.2375	-20.1102
-9.20809	-19.0409
-3.89004	-18.2378
-1.42592	-14.704
0.30218	-5.26971
2.45285	-2.69555
0.0477537	-1.95499
-2.63063	-2.91785
-3.70238	-1.16219
-3.30714	1.86186
-1.09946	-10.9102
-0.961906	-10.3367
-4.47644	-12.8715
0.300187	-17.1823
2.08478	-22.2855
0.773081	-24.7536
-1.39978	-25.9179
-1.37954	-25.3826
-2.33983	-24.3971
-2.57407	-25.1041
-3.25051	-24.6792
-4.08985	-25.7886
-6.62517	-24.1424
-7.23684	-16.1457
-8.51332	-11.5683
-10.3041	-9.85594
-7.81889	-12.5743
-3.3375	-12.9017
-0.534251	-14.9786
-1.34961	-15.264
-2.26173	-14.9298
0.819737	-16.0146
-1.45726	-13.4421
-0.857876	-13.5921
0.970608	-13.974
0.42383	-10.907
-0.657351	-9.37314
1.34836	-9.70937
1.77756	-10.095
-2.01409	-9.9612
6.55149	-15.2503
6.02659	-4.72053
8.02406	-2.54287
8.63548	2.07565
10.253	-7.37903
7.90027	-4.67841
11.9608	-6.65124
7.68135	-6.86761
-0.303586	-6.7706
-4.00495	-8.01294
-5.99041	-12.0947
-10.2878	-8.9802
-14.7585	-10.9115
-17.7304	-7.03472
-20.7623	-3.2852
-11.5567	2.28699
-11.7141	0.443595
-9.10284	-2.52301
-14.8733	-7.38965
-7.92449	3.17953
-9.63865	-1.78858
-10.1419	3.78002
-8.38493	2.47385
-11.0071	2.36463
-13.7509	-2.32034
-7.92303	4.41853
-10.5753	-1.10537
-9.1017	-0.820823
-8.9629	0.629574
-14.2735	-3.99168
-10.3135	1.37148
-15.3724	-0.404716
-12.8874	0.189723
-12.758	-1.26844
-11.2647	-6.10577
-9.02359	2.44503
-6.85585	1.31784
-10.707	-9.6482
-5.86991	-7.31195
-8.92124	-10.7773
-2.25595	-3.89577
-6.51778	-3.74353
-8.2899	-4.55172
-5.5846	-3.55345
-6.80549	-7.7959
-3.65981	-10.6842
-7.21774	-7.17144
-5.72506	-6.45145
-3.52052	-4.68384
-4.77331	-3.75666
-5.70596	-10.4455
-3.75871	-8.21481
-3.10932	-6.25726
-0.223919	-0.0494221
-2.8633	-7.13391
-3.5175	-7.92273
-5.71871	-1.17317
-8.96319	-7.86236
-7.03033	-6.61086
-9.13381	-9.01502
-3.22752	-6.8001
-5.6337	-6.68145
-2.68484	-2.81312
-3.52196	-4.67077
-3.06792	-5.40882
-6.58435	-11.9168
-7.48396	-9.06791
-4.04017	-4.51243
-2.4178	-7.68383
-1.05441	-8.63121
-2.93323	-4.3271
-5.71109	-4.56027
-5.20476	-5.73571
-0.685857	-4.56125
-2.9925	-4.13625
-0.759643	-3.50642
-3.37151	-7.05405
0.0948641	-3.80408
-3.41688	-6.74473
-5.1052	-8.67682
0.577007	-1.05187
0.341819	-3.85393
-0.937716	-10.7312
-6.19214	-15.9973
-2.8822	-12.663
-2.87572	-13.0551
-7.72119	-8.67512
-12.3281	-7.3606
-12.6502	-6.97661
-12.9352	-8.92629
-13.0178	-11.2384
-12.1209	-15.9759
-11.6676	-19.4785
-9.40994	-21.8015
-8.78196	-22.6393
-8.20382	-22.5487
-7.60836	-24.0969
-7.63086	-24.9332
-7.62911	-24.554
-7.33536	-25.4024
-8.03572	-25.6006
-10.9619	-23.8518
-12.2157	-20.3576
-9.58217	-19.2118
-9.69738	-18.9601
-9.29171	-15.4817
-8.88365	-15.2992
-2.52104	-10.843
-2.74614	-9.06708
-10.1501	-13.2146
-7.87745	-11.5829
-0.82374	-5.74033
-7.40236	-11.251
-8.42355	-13.7824
-9.64912	-13.7774
-8.37676	-16.5697
-7.99978	-20.0639
-7.98716	-21.5343
-7.2799	-19.2044
-8.85225	-19.93
-8.42231	-16.7385
-9.09585	-17.6755
-6.4657	-14.6276
-4.85536	-12.421
-3.70916	-11.3473
-5.82818	-9.01904
-6.06101	-11.8806
-10.3912	-9.70856
-10.9196	-9.93907
-12.0053	-11.2271
-13.0585	-10.0399
-13.6342	-10.501
-15.7545	-9.39886
-14.6493	-4.32049
-4.80179	-7.99607
-6.83905	-9.83461
-14.8829	-6.01802
-14.3882	-6.69828
-12.7914	-3.75544
-14.3496	-6.76145
-13.599	-8.53667
-17.2205	-4.95961
-12.8042	-7.5496
-14.2552	-9.80098
-13.246	-9.74795
-10.1168	-11.3019
-9.5613	-11.7894
-8.53847	-14.3519
-6.3553	-16.6847
-7.41018	-16.9505
-7.46201	-15.6698
-7.23122	-15.5945
-4.0672	-12.0181
-2.14935	-9.42426
-0.403967	-7.46846
8.84766	3.20184
8.10941	5.79723
4.66342	3.34581
-4.31476	-3.70357
-0.83361	-11.2564
-6.52395	-8.38004
-7.01074	-11.2408
-7.39892	-13.1631
-4.81803	-12.2911
-2.94016	-7.11157
-3.75721	-10.601
-4.39231	-5.22991
-8.68034	-8.03875
-5.44707	-13.1492
-5.24615	-8.68543
-0.871269	-4.0029
-3.2029	-7.75408
-4.38319	-5.63773
-6.8743	-6.44677
-3.13206	-8.99604
-2.64401	-9.28145
-1.1286	-6.50203
-2.32905	-8.41324
-3.51658	-7.83949
-3.8176	-10.2023
-2.26911	-6.21362
-4.1522	-13.141
-4.79929	-8.16023
-3.27104	-6.86554
-3.94584	-9.79894
-6.2002	-10.4009
-2.73771	-1.77048
-2.32185	-4.05715
-4.12251	-10.5092
-5.94407	-6.07507
-0.743636	-9.63244
-5.45205	-10.5019
-2.28709	-9.10013
-2.42546	-5.07176
-1.1027	-9.89937
-2.08607	-9.17441
-3.71297	-4.67241
-5.59771	-6.50669
-1.99862	-9.96317
-3.62118	-7.83415
-5.12289	-6.17021
-1.12631	-5.6069
-4.10383	-6.50925
1.03355	-3.84105
-3.26834	-7.1118
-2.73918	-1.09893
-6.5519	-5.77128
-2.88745	-11.3138
-1.35454	-5.8426
-2.37731	-5.72609
-2.47616	-7.07169
-1.09179	-5.37081
-0.676143	-6.08326
-4.05443	-6.41389
0.300042	-2.19126
-1.53771	-2.20788
-3.32787	-5.92436
-8.14886	-10.382
-4.60536	-3.2894
-5.66939	-8.45189
-10.8266	-10.1798
-5.79067	-5.15026
-2.57035	-7.521
-4.39665	-8.51036
-5.28164	-2.61884
-6.72667	-4.90405
-9.97495	-4.42953
-5.56364	-3.58196
-7.97643	-5.72089
-0.379037	-0.464958
-1.5816	-6.66343
-10.2865	-19.5043
-9.80435	-24.1301
-8.11861	-23.4922
-6.16916	-23.4414
-5.74821	-21.3306
-8.53915	-21.855
-11.4745	-21.9386
-10.1325	-21.9137
-6.59697	-21.8606
-4.5019	-18.9445
-4.96496	-19.2742
-4.97009	-17.7715
-3.23475	-18.1542
-0.49358	-14.7315
1.39581	-9.39095
-5.93117	-12.6208
-2.92544	-13.268
-2.82337	-9.75461
-7.55008	-13.0768
1.21335	0.236416
0.817816	-1.94529
-7.67464	-6.49721
-0.339653	-6.84239
-8.62394	-15.3008
-4.8138	-18.0251
-3.44762	-18.7669
-5.19827	-16.386
-5.28418	-12.8844
-5.62297	-11.641
-5.64204	-11.2926
-1.53955	-19.3485
-9.48486	-19.2611
-12.4962	-17.0992
-14.7492	-13.5317
-12.9598	-13.887
-9.99797	-14.8667
-7.39504	-15.5681
-4.68414	-16.2741
-1.25995	-15.9063
-2.7975	-12.0115
-2.16257	-12.1054
-4.20585	-3.67435
-0.549184	-2.50869
-5.46192	-1.60246
-5.24051	4.39253
-5.30444	-0.26662
-1.13642	-4.68607
-3.09212	-6.68544
0.183121	-8.66515
-1.08876	-16.6711
2.8278	-19.9948
-1.83718	-25.3077
-7.22388	-26.728
-7.35743	-29.2169
-8.27213	-30.2272
-8.14174	-26.9845
-8.87553	-28.2879
-10.2509	-29.7105
-8.55155	-27.5463
-7.42439	-28.5272
-6.40062	-27.8615
-5.74289	-22.4943
-7.70734	-22.8001
-6.0771	-21.8752
-5.93123	-22.6707
-6.24674	-22.2589
-8.36547	-21.1117
-10.928	-19.8175
-8.96241	-25.3755
-13.9451	-26.5514
-13.4982	-24.7211
-13.3812	-23.5358
-11.1591	-21.1646
-10.8338	-20.4875
-12.3534	-17.0949
-11.9444	-14.4569
-7.55983	-12.9567
-11.8316	-14.1829
-10.2319	-12.6686
-6.91845	-8.67577
-9.47445	-9.99342
-10.2191	-10.7284
-6.1024	-5.227
-6.85741	-9.81742
-2.81554	-10.1628
-5.05561	-12.3056
-2.83298	-11.2435
-3.44593	-6.21862
-5.67736	-14.5448
-8.96847	-15.1754
-8.82631	-16.9948
-7.22092	-19.2808
-9.8174	-24.8637
-8.37795	-25.151
-8.44867	-24.4328
-8.16494	-26.046
-11.2354	-26.0741
-11.0846	-26.2493
-12.6415	-27.6971
-12.6055	-28.3943
-12.1083	-29.116
-10.5799	-27.9132
-9.89235	-23.0618
-9.73578	-17.1552
-10.7324	-12.2798
-12.227	-9.14894
-3.06391	-10.5257
-4.96985	-10.2852
-5.31652	-9.95466
-4.32522	-9.90467
-2.46824	-9.50666
-1.47634	-11.0026
-0.490469	-12.3707
-1.33173	-10.71
-1.96275	-7.68509
-1.20041	-6.75769
-3.05231	-3.47761
-2.73632	-3.16665
-18.2971	-7.94787
-18.7997	-5.92429
-15.7492	-2.18349
-16.6487	-4.72256
-15.369	-4.88385
-11.3063	0.431389
-12.8915	-2.70746
-11.2586	-4.70079
-10.4838	-6.90199
-8.69971	-7.85191
-8.82054	-14.0076
-8.99837	-17.3213
-8.05501	-18.9286
-5.56573	-18.8571
-4.41668	-21.257
-5.72795	-21.38
-3.97137	-20.3855
-6.26974	-20.0323
-2.45304	-19.9066
-2.75572	-19.2202
-3.85446	-20.6773
-5.33889	-19.6475
-5.15987	-18.58
-5.46486	-18.5871
-5.61895	-17.3938
-4.89344	-17.3587
-5.6782	-16.7557
-5.65563	-18.5612
-4.15402	-16.4066
-4.52923	-18.1697
-5.57866	-16.1767
-3.57383	-16.8302
-2.85028	-17.3566
-2.40605	-19.6271
-3.5343	-20.8633
-4.86332	-24.979
-3.6721	-25.1808
-4.6217	-26.593
-4.18929	-25.3865
-5.01694	-29.9824
-4.7481	-25.8605
-4.92179	-25.7502
-4.84206	-25.4769
-2.86084	-23.7408
-0.198817	-22.3762
-3.20612	-17.9209
-2.40284	-9.71645
-7.08871	-3.69078
-6.5653	-10.7772
-8.87619	-8.44465
-7.00587	-14.6606
-6.77619	-13.1398
-11.2641	-9.04922
-8.15359	-12.156
-7.24205	-4.99831
-9.93638	-13.1501
-7.56475	-9.61022
-7.52502	-6.79257
-3.38306	-11.6339
-1.52615	-9.74759
-5.35636	-5.46251
-6.09301	-13.0932
-4.13128	-15.7442
-4.34513	-19.9727
-7.49126	-21.4831
-8.77939	-20.2802
-8.9889	-19.0381
-10.8862	-20.7501
-12.488	-22.8651
-12.6953	-22.2964
-11.3346	-21.7358
-11.4136	-21.6366
-10.7821	-21.2398
-9.29519	-20.3209
-9.14	-19.0062
-7.09446	-17.3847
-5.70076	-19.5305
-11.9091	-13.631
-8.01384	-9.48917
-6.38262	-13.6649
4.48227	-10.6099
-6.49089	-16.5414
5.1345	-13.9286
-3.71243	-18.2804
-4.95815	-17.2329
-4.32248	-16.2631
-6.16345	-11.0462
-5.04051	-16.6099
-3.67684	-11.6723
-4.76669	-7.39231
-2.51746	-10.8196
-3.86722	-9.92454
-4.90547	-12.6958
-6.11697	-8.97185
-1.01494	-8.26346
-1.02245	-13.0389
-2.27322	-12.3441
-0.829635	-13.7182
-4.68898	-5.9935
0.727376	-6.91074
-4.8131	-7.57202
-5.77186	-9.47888
-4.25527	-11.5525
-3.95579	-8.8075
-0.0135855	-6.63828
-2.92659	-10.1736
-3.51294	-6.353
-5.22631	-9.60973
-8.29962	-11.0125
-1.62786	-6.32674
-2.22921	-3.51621
-2.5005	-6.4979
-10.6544	-6.58163
-0.524704	-9.97276
-7.01889	-8.82289
-4.10503	-9.6509
-4.10092	-13.6491
-13.4845	-11.2001
-13.4094	-9.01987
-12.2348	-9.38105
-14.1086	-9.96323
-14.1583	-13.2239
-8.98102	-15.0317
-2.09572	-6.54003
-1.40354	-7.85056
2.87486	-15.2196
2.24622	-15.693
-1.86305	-8.5779
-4.29453	-8.54366
-9.44904	-11.2862
-5.57279	-8.15155
-9.01686	-12.6681
-9.77839	-5.67027
-7.04707	-8.58167
-8.45564	-8.11126
-0.924329	-11.0834
-9.2432	-13.8101
-6.00842	-17.7394
-3.84433	-9.87591
-3.15867	-1.49823
-8.16739	-9.32016
-6.29741	-15.8212
-5.90373	-15.7808
-7.87828	-15.7729
-10.595	-17.1361
-11.6809	-18.0925
-12.9579	-21.1145
-9.34452	-22.1008
-6.8815	-18.2698
-8.54334	-12.2425
-8.72445	-14.2823
-11.6035	-16.7674
-14.1491	-13.2297
-17.0661	-10.8869
-16.767	-8.56159
-14.7495	-11.8454
-11.761	-10.6653
-10.9255	-12.8823
-11.5681	-15.6975
-12.0038	-14.0947
-9.34799	-12.5006
-2.48141	-14.7848
-1.20896	-15.1922
-2.56821	-14.6288
-2.4451	-15.0652
-5.39568	-12.5311
-14.5894	-12.248
-12.8909	-12.8709
-11.3209	-12.6001
-11.4392	-17.5942
-11.0963	-14.031
-9.08826	-7.3375
-7.41253	-7.27746
-9.36761	-8.48888
-12.8523	-13.9686
-6.62631	-9.34147
-7.32022	-5.93757
-10.0548	-7.86571
-8.41064	-10.1688
-3.98446	-3.93901
-3.54125	-7.8588
-10.1848	-15.6089
-6.3436	-17.6734
-9.47764	-21.6783
-10.9388	-22.853
-9.65995	-23.3146
-7.94714	-26.8372
-5.60395	-31.4371
-2.1605	-33.6935
-0.471776	-18.6981
-0.553402	-20.253
-3.06761	-17.8049
-2.43802	-21.2188
-1.33443	-19.4788
-2.25996	-16.6012
-4.17359	-26.4384
-6.28856	-25.3193
-9.07019	-31.5658
-9.47695	-29.2333
-10.3778	-27.1913
-14.2609	-28.4708
-17.2372	-31.1909
-15.0602	-29.5986
-14.0647	-31.6679
-9.16236	-26.3271
-3.87772	-21.5891
-0.791843	-15.6101
1.09798	-18.7263
-7.96021	-16.7284
-8.41594	-17.3614
-3.95717	-15.5687
2.55312	-11.2729
4.39892	-11.3866
-2.84154	-12.3932
-6.88517	-5.15239
-6.21856	-10.4624
-9.24982	-7.57188
-8.996	-13.7363
-6.93477	-6.85795
-7.36414	-5.56721
-9.59963	-10.8254
-9.32194	-12.6279
-10.9791	-14.2252
-8.40665	-22.8984
-7.45185	-19.0254
-5.2169	-14.6664
-0.367919	-4.66371
-1.35417	-6.89357
-1.63208	-10.0251
-1.96683	-6.4449
-1.90582	-5.89567
-2.89305	-10.4759
-7.01278	-13.373
-7.75444	-16.5753
-8.54388	-16.5161
-7.64142	-20.4385
-6.08479	-24.2874
-4.57672	-26.7538
-3.06707	-29.5132
4.67658	-24.0429
1.13067	-14.815
0.226468	-12.9772
-1.30299	-17.7584
5.72564	-10.5435
1.97036	-16.7753
5.71537	-20.601
-4.39135	-27.1397
-4.88205	-28.2493
-3.68286	-22.8704
-4.90686	-24.7288
-2.97932	-21.4499
-1.75129	-19.7593
-1.48327	-12.3253
-5.63734	-7.04537
-8.70208	-9.85612
-7.13296	-12.1248
-4.93842	-8.54784
-6.12296	-8.74426
-3.89256	-10.0076
-7.49044	-8.08415
-3.47181	-11.1423
-2.66253	-13.854
-2.54817	-12.5473
-2.57554	-17.5512
-1.97268	-12.5244
-2.30396	-10.0278
-5.55637	-12.5032
-7.04426	-10.7067
-8.1925	-14.3821
-10.9292	-14.5363
-10.6179	-14.4297
-10.3296	-16.3157
-9.89951	-14.7404
-9.59069	-15.4958
-9.17217	-16.0777
-8.66049	-19.2735
-7.48155	-23.2958
-5.46049	-21.0514
-5.35763	-18.7759
-5.56762	-18.4087
-6.23444	-18.6764
-4.84023	-15.7415
-1.57141	-11.5955
1.42	-9.01649
-3.91788	-7.87745
-8.52915	-7.71637
-12.5673	-5.44192
-10.6321	-7.7935
-13.8724	-9.07955
-13.4521	-4.7968
-7.68318	-3.96707
-12.1121	-6.08034
-7.42714	-8.25549
-2.62944	-6.95315
-3.78664	-13.9852
-4.11075	-18.4325
-4.49247	-19.079
-3.00942	-13.85
-3.48424	-4.97969
0.446305	-1.59897
2.01838	-14.0247
-1.66401	-16.5004
-6.06168	-5.18597
-3.63233	-1.57791
-7.24572	-6.74063
-4.32203	-5.50038
-4.30571	-5.13993
-3.92869	-7.53866
-2.41998	-15.6861
-3.38024	-27.2998
-6.36517	-27.4497
-6.52597	-27.2665
-5.91493	-27.6209
-4.28096	-23.6344
-3.5005	-17.0994
-4.43352	-14.6027
-8.13572	-16.6782
-10.2473	-15.6056
-12.4738	-11.2883
-12.8922	-10.9169
-13.6568	-8.77024
-15.5707	-9.55986
-18.1904	-10.8496
-16.5741	-8.02073
-15.111	-10.5631
-12.1605	-12.9366
-10.7989	-10.8663
-7.00848	-10.3674
-6.45754	-11.0983
-6.47684	-8.5097
-5.20367	-8.94831
-3.79991	-8.76433
-2.31888	-8.71639
-2.72198	-8.62246
-12.6923	-4.41828
-13.4398	-0.424486
-10.3574	-0.833004
-9.33344	-2.6151
-7.84454	-3.79293
-5.87832	-6.65347
-5.27995	-7.90843
-5.94946	-10.0297
-6.45937	-12.175
-6.90004	-18.2556
-7.12793	-20.121
0.593966	-11.9319
0.191046	-7.13939
0.662955	-3.36556
-4.14877	-8.74249
-3.25473	-7.28025
-2.25774	-7.5238
-4.88645	-6.03103
-1.47478	-6.14523
1.62733	-6.62152
-2.55855	-8.82745
-4.43285	-10.4192
-7.72369	-7.5566
-6.36757	-10.7329
-7.72749	-4.88672
-3.31173	-9.51745
-3.13594	-6.9982
-3.46378	-8.09311
-4.70324	-6.47496
-4.8426	-7.32881
-7.30965	-4.03544
-12.7851	-1.97309
-7.46457	-5.65018
-12.1892	-10.6793
-11.1994	-7.54371
-11.3195	-9.21356
-7.33174	-3.79436
-9.68542	-13.4188
-6.68778	-12.6364
-11.0141	-10.7997
-3.9346	-9.92002
-11.5895	-10.2367
-7.51722	-7.19941
-6.10581	-6.69803
-11.5936	-16.7835
-9.27883	-9.30425
-11.3826	-14.8759
-7.33196	-7.05631
-10.2955	-7.48493
-6.07771	-8.81425
-9.25736	-8.78324
-6.54486	-10.918
-7.43256	-7.59101
-8.09225	-9.92081
-7.82664	-5.56714
-6.28156	-5.92049
-10.256	-11.5683
-10.1345	-8.3653
-8.23315	-3.67288
-3.99461	-6.95956
-5.59534	-6.51343
-8.21849	-4.27253
-3.33658	-5.45888
-4.42147	-7.31919
-4.31455	-4.16035
-2.97164	-8.71586
-6.08662	-13.835
-3.12872	-9.30793
-1.03204	-6.72996
-6.51539	-9.66827
-3.86363	-9.41176
-2.73835	-4.51564
-4.84623	-10.2042
-4.29228	-3.30991
-7.18665	-8.51681
-4.3176	-7.34642
0.260921	-9.76846
-8.88857	-7.61733
-6.57882	-5.63568
-3.49383	-7.12374
-3.49128	-7.33614
1.2872	-5.99462
-3.69312	-7.92615
-5.59419	-5.64706
-5.37854	-6.0466
-2.52744	-3.51563
-6.33964	-7.37616
-5.99278	-2.67768
-3.19168	-5.04419
-2.8107	-9.13406
-4.56394	-9.51086
-3.89143	-14.5518
-5.72077	-14.1941
-1.66883	-13.6674
-4.37832	-10.8263
-5.49001	-9.14098
-4.46249	-10.0247
-2.00306	-11.4429
-0.546438	-12.2498
2.94291	-13.5938
4.95359	-16.4311
-0.382813	-20.3467
-4.65725	-20.2805
-2.14441	-18.6476
-1.08543	-22.2944
-2.50062	-20.2646
-2.0534	-18.5321
-1.33023	-15.9337
-6.21063	-18.1638
-4.06682	-19.3687
-2.58951	-15.7546
-2.59224	-14.0773
-2.27939	-8.92218
-5.39359	-8.83212
-3.57173	-6.39341
-6.99607	-9.32526
-2.86485	-11.1699
-1.63755	-14.0998
-1.56116	-19.0989
-1.15747	-21.7271
-4.57231	-23.9595
-4.29052	-21.3435
-8.26411	-19.0447
-13.7161	-15.8111
-17.0567	-10.3079
-20.0296	-7.12508
-20.5948	-6.85281
-22.1077	-8.17884
-20.8814	-11.1739
-19.1583	-12.982
-18.7711	-13.4019
-18.4738	-17.0667
-13.6151	-20.2199
-7.04489	-17.0157
-5.46983	-10.1973
-10.9692	-9.03728
-13.4877	-10.5659
-20.1904	-12.6992
-19.2694	-11.9511
-14.1554	-14.4404
-11.1538	-17.3197
-13.6473	-20.1796
-9.52896	-19.4473
-10.5873	-24.6769
-6.61716	-26.7351
-1.71328	-19.1939
1.13046	-8.3221
-2.4031	-13.0184
-8.33282	-12.8564
-10.5011	-12.4115
-10.9859	-13.7852
-11.0856	-8.07209
-8.27444	-7.02873
-10.4079	-10.1654
-13.7169	-5.62841
-9.32956	-9.95472
-11.5674	-14.8177
-9.23655	-14.5505
-2.88076	-13.7121
4.40461	-18.2248
7.88048	-24.6655
7.24885	-25.7129
6.31721	-23.9249
3.00766	-19.1533
3.95782	-17.3739
4.24285	-19.7684
-2.04823	-26.7622
-2.45206	-27.4333
-2.77839	-28.4897
-1.11552	-26.4664
-0.0393576	-25.0604
1.87658	-22.1459
0.247872	-16.1015
-5.07354	-14.2573
-1.19044	-10.8433
-0.354306	-4.77861
-4.3371	-6.39089
-10.9794	-11.3716
-5.26552	-9.03764
-5.09754	-12.6557
-2.0909	-15.9994
-0.570313	-22.7581
-3.35643	-25.8781
-6.26555	-27.0212
-7.19777	-27.1429
-6.23887	-27.4827
-6.45679	-29.0754
-3.9435	-27.9148
-4.84407	-23.4356
-9.67716	-16.0366
-1.31076	-4.69561
-6.61015	-10.5118
-10.1492	-12.5339
-7.56065	-14.0896
-4.894	-12.307
-7.16321	-10.4124
-8.0213	-8.57846
-12.6354	-9.05842
-4.1399	-10.8205
-2.08074	-17.3484
-3.3792	-29.9217
-5.20302	-28.9912
-5.66707	-31.0538
-2.59732	-28.7278
-0.763695	-24.0117
-0.259088	-15.3115
-3.03523	-13.015
-2.24316	-19.8788
-4.57346	-17.9386
-2.93161	-14.0051
-3.16864	-14.9471
1.90025	-19.3894
0.825525	-18.582
-8.57399	-18.7292
-9.45987	-15.6868
-7.82562	-14.5958
-2.35733	-11.6421
-7.50334	-20.6807
-8.42629	-20.6773
-8.9558	-18.5424
-7.27816	-16.9769
-2.57086	-15.0622
-3.60798	-6.36862
4.17666	-2.26014
-4.86475	-2.38115
-8.86744	-7.55309
-10.4803	-9.01285
-11.3181	-9.87395
-4.18865	-7.99966
-4.50486	-2.43737
-6.77989	-6.11573
-6.83949	-3.96454
-6.38779	-9.17945
-9.32973	-10.0135
-4.59902	-12.829
0.522697	-16.9599
-0.116328	-15.6855
-2.89733	-24.761
-4.39001	-24.6057
-1.94708	-26.8335
-5.78148	-23.343
-5.29603	-21.1713
-4.8855	-15.5933
-4.70967	-18.0464
-6.24742	-16.8285
-8.03574	-12.7838
-10.6593	-11.8609
-9.30099	-12.875
-10.0821	-14.4441
-10.916	-9.32295
-9.95687	-5.42447
-9.08566	-2.21268
-10.5471	-4.43376
-8.76938	-3.31339
-7.53972	-5.18829
-6.05916	-10.8493
-7.68567	-9.09981
-8.03422	-12.1806
-10.326	-14.0653
-6.7193	-16.1174
-3.59541	-6.71096
-1.37387	-7.34235
-1.75497	-3.31546
-9.70602	-8.97223
-8.65386	-5.31994
-6.55812	-6.46257
-7.71221	-3.95456
-4.97136	-8.86484
-7.01043	-8.39152
-5.71593	-8.51223
-4.60783	-8.21923
-3.95733	-9.91973
-5.49136	-10.6362
-4.36307	-12.0606
-5.80475	-6.74039
-1.99289	-11.5703
-3.57746	-11.7408
-2.08935	-6.792
-2.20669	-7.96811
-1.51016	-6.68137
-0.834065	-10.7953
-2.32219	-8.59338
-7.50236	-8.87027
0.908471	-10.6341
-2.85088	-8.25695
-4.92433	-5.97982
-1.79076	-6.3275
-0.759711	-5.24266
-2.17013	-2.90121
1.24278	-6.24063
0.129151	-3.16777
2.08806	-6.54036
3.205	-2.44664
-3.29359	-4.94414
-1.97016	-4.42618
2.26085	-14.8184
2.57202	-16.186
-3.65818	-18.4266
-6.04472	-25.1511
-4.18217	-26.9029
-4.15997	-25.766
-6.40176	-21.8964
-7.86009	-19.5052
-7.25604	-19.4532
-7.50607	-19.2919
-8.26174	-19.4273
-8.26688	-19.9747
-9.60107	-20.6104
-9.40382	-17.8091
-8.12976	-16.1022
-7.30301	-16.235
-4.30841	-19.0938
-5.69438	-17.4575
-7.87345	-16.5212
-8.04708	-16.6363
-6.69467	-16.1853
-7.03919	-15.8294
-7.28374	-16.6123
-6.48378	-18.0062
-5.77249	-18.8788
-6.01099	-20.8661
-6.30624	-19.9443
-6.55585	-17.6488
-7.14645	-16.9949
-7.20022	-20.624
-10.0118	-18.2315
-9.58688	-16.3038
-8.94558	-16.6904
-8.23252	-15.6073
-6.67681	-14.6024
-5.92196	-16.7099
-6.38186	-15.7596
-7.26221	-15.0067
-7.92053	-14.4689
-8.12563	-14.4888
-6.67166	-16.8476
-6.38726	-18.7007
-4.55639	-12.2664
-4.8527	-19.1878
-16.1913	-20.7946
-19.7008	-14.8351
-18.3548	-14.9136
-15.8474	-9.57058
-13.5975	-8.43815
-10.1085	-9.23751
-8.57024	-13.0121
-7.71139	-14.4983
-8.35696	-19.9088
-5.60238	-21.5377
3.55492	-7.26331
6.03988	-4.3113
5.87293	-2.38262
5.33805	-6.10783
5.48419	-0.0606279
-3.88755	-7.57061
-9.33963	-8.17525
-4.16986	-5.9158
-7.82885	-11.4356
-4.62505	-16.152
-5.93214	-22.3101
-9.23756	-23.1818
-9.00567	-19.3836
-9.8465	-18.4296
-9.36876	-15.3464
-9.02133	-13.3008
-2.7355	-11.4958
0.429382	-11.0041
1.66044	-9.04402
2.43794	-8.65707
1.79229	-10.2065
2.64857	-10.0297
4.7103	-8.51979
-1.96775	-10.5934
-5.42072	-17
-7.43762	-17.6251
-7.33903	-18.1971
-7.36157	-18.027
-6.82303	-19.111
-6.93734	-19.3615
-8.1787	-20.6302
-8.61694	-21.8204
-8.62676	-24.0686
-6.63149	-26.2124
-1.5001	-23.2349
2.22937	-18.0968
2.61483	-16.3589
2.01343	-16.9645
0.0834073	-24.0768
-4.92032	-28.4433
-6.09899	-31.0403
-4.50938	-30.7939
-5.50036	-30.1355
0.00583504	-26.2191
1.90485	-14.1033
-0.588298	-23.72
-1.91232	-22.306
1.39644	-12.9001
-1.88459	-16.8757
-3.82365	-13.0743
-2.47415	-12.4125
-2.93852	-13.2012
-8.57766	-8.46138
-8.32413	-3.69059
-10.1892	-3.6192
-8.42289	-7.34897
-11.5329	-5.14215
-8.81807	-2.12466
-10.9243	-3.82366
-7.80097	-8.07646
-9.60435	-3.27682
-8.37936	-5.93655
0.019871	-4.73933
-10.8233	-11.8297
-14.1424	-9.44994
-17.3186	-7.7719
-18.9583	-9.45856
-18.3368	-9.0136
-19.6736	-10.4423
-18.6728	-11.4151
-18.728	-16.0311
-17.3547	-16.7009
-17.3229	-17.0298
-15.4472	-15.1169
-11.535	-11.1305
-7.37468	-4.80698
-2.6476	-1.74816
-13.6207	-7.06052
-15.5368	2.12201
-16.8097	-2.67905
-15.0733	-6.52466
-11.2978	-3.03629
-12.6451	-11.2763
-10.2193	-2.37942
-8.41817	-5.73438
-7.48931	-9.75588
-7.63122	-8.35066
-6.58009	-12.208
0.647626	-12.5498
-5.5	-16.2297
-4.42493	-17.5271
-6.71488	-16.2089
-7.87838	-14.8212
-9.24242	-12.8802
-11.2649	-12.6602
-12.9937	-11.3295
-13.1196	-14.2371
-13.3282	-15.3118
-12.3947	-16.3859
-7.06311	-16.975
-1.54309	-16.3237
-0.459567	-5.32508
1.05013	0.545806
1.95701	-4.14781
0.737445	-9.73119
-0.0745539	-3.79027
-2.75874	-6.91065
-5.28422	-7.35846
-4.73512	-1.80772
-4.16631	-7.30801
-5.0194	-11.6084
-4.42783	-16.5493
-2.15623	-19.9762
-5.00121	-21.5157
-6.45452	-21.7955
-7.32875	-23.3757
-6.64257	-22.2963
-7.18426	-21.1434
-7.49825	-17.4491
-6.06253	-16.3837
-6.75107	-16.6535
-6.07114	-18.1589
-3.25815	-19.3843
-1.15449	-18.1755
2.73246	-20.7671
1.92359	-18.9158
2.09689	-22.7525
2.49982	-21.7534
1.64312	-20.6768
-0.694103	-19.6597
-1.48315	-7.09274
1.30756	-10.3128
-2.24181	-14.9974
-6.90938	-11.0959
-10.5536	-9.00673
-8.43881	-8.10062
-11.1424	-2.75938
-7.82795	-8.34552
-7.59186	-3.17476
-9.71479	-11.9086
-6.67656	-10.2272
-8.51321	-4.78154
-5.79271	-6.2797
-5.84839	-10.3655
-0.389061	-4.06681
2.1273	-8.32881
2.46721	-15.1309
0.989586	-16.1275
4.66174	-13.4863
0.964512	-25.4311
-0.0990147	-23.6993
-2.69028	-21.4315
-2.55413	-19.6483
-2.56779	-17.7239
-2.55443	-15.4883
-0.926683	-10.6473
-3.44563	-7.2059
-3.17685	-6.35416
-4.37194	-2.27646
-4.91423	0.0703709
-5.74148	0.975273
-6.84353	0.741765
-2.82722	-2.2839
-0.734735	-5.68029
3.92168	-2.9269
5.24407	-4.50146
5.42249	-3.62405
6.08031	1.12431
7.32705	-3.36095
5.55511	-4.03637
4.65215	-7.86059
0.363433	-7.37172
1.99568	-7.26728
1.28812	-8.80087
-2.03206	-9.75242
-0.109192	-4.90845
0.546819	1.95694
-4.3477	-5.63236
0.118853	-5.06104
-3.30259	-5.28746
1.35048	-3.84701
-5.75601	-5.4992
-0.415801	-6.13174
1.87216	-5.81232
1.45458	-6.97351
-3.94057	-8.70503
-3.80989	-4.31417
-6.02391	-4.99801
-7.50792	-8.98474
-5.3152	-8.38704
-6.71141	-9.82902
-4.34815	-5.79871
-2.16917	-9.72128
0.274636	-3.46697
-2.20242	-5.62834
-2.16339	-12.9686
-0.860093	-7.01828
-0.614385	-10.3092
-7.08663	-14.8768
-1.87547	-8.34797
4.55343	4.42248
-1.98658	-5.37243
-5.63434	-12.1802
-7.01224	-16.734
-8.46658	-14.722
-10.5366	-15.81
-13.9835	-14.9569
-16.0385	-15.0792
-16.7635	-10.9452
-13.4791	-9.65384
-12.5381	-8.8606
-8.17729	-8.23959
-13	-7.10605
-18.5687	-10.916
-21.2807	-9.2838
-20.9597	-6.88407
-18.8127	-4.43502
-17.2989	-6.07469
-15.0186	-4.32897
-15.7539	-5.97442
-13.3513	-3.09989
-13.8417	-3.77013
-15.1408	-4.77629
-17.0245	-5.26842
-18.7449	-3.8351
-23.1864	-7.30395
-23.6983	-13.0182
-21.3737	-10.9255
-20.8409	-11.133
-22.5581	-11.1327
-23.2188	-12.0607
-21.8679	-12.3824
-23.2136	-7.25581
-19.8469	-3.2591
-18.7123	-3.68368
-16.4747	-2.94512
-11.0695	0.825949
-3.76919	-4.59708
-8.30538	-10.1349
-4.26851	-2.7446
-3.97009	-8.35443
-3.89207	-6.70899
-4.07361	-11.0456
-7.98713	-9.34782
-6.92902	-10.0621
-6.4342	-4.88193
-7.38721	-0.861986
-9.24024	-8.13004
-17.0902	-7.89729
-19.533	-6.71668
-20.012	-4.84999
-20.7223	-6.86216
-19.2429	-7.16929
-18.8047	-9.96919
-13.6689	-11.5668
-5.30818	-10.1559
-9.47613	-4.50524
-11.2035	-0.0715213
-5.96237	6.06561
-10.1521	7.70295
-16.0056	5.60505
-15.7681	1.24854
-13.5162	5.24185
-13.9755	4.65173
-9.55988	2.62196
-17.8657	-2.86431
-12.0542	-3.30396
-7.55888	0.830825
-7.79162	-8.47728
-12.2878	-11.2932
-13.4522	-10.7286
-13.558	-9.3762
-14.2399	-8.93251
-14.345	-8.32698
-12.5109	-4.21914
-7.43941	-1.04144
-8.53223	0.125391
-5.52216	-2.3901
-4.93672	3.55569
-13.2943	-2.17219
-15.3253	-6.90092
-15.7272	-4.93122
-17.7763	-5.72752
-18.5683	-6.03876
-13.3969	-4.85213
-7.07519	-2.80956
-8.10225	-0.792675
-6.14334	-0.599691
-6.06457	-0.574275
-7.17944	0.485731
-5.8012	-9.57847
-17.9653	-9.68508
-21.5831	-8.26232
-20.7488	-9.92633
-22.9939	-11.1213
-19.0327	-16.7882
-10.5895	-25.0696
-7.9605	-14.9
-8.14263	-11.5842
-8.72579	-10.5081
-8.44627	-9.49529
-6.69627	-10.903
-1.08082	-21.4624
-16.3761	-19.3705
-21.303	-7.6985
-21.6423	-6.81802
-19.535	-6.32955
-18.8202	-5.54744
-12.7274	-6.8814
-4.79726	-6.47739
-3.56105	-5.99305
-2.66887	-6.35084
-1.36505	-8.03366
0.167346	-10.1473
1.59215	-7.15816
-0.769171	-5.89449
4.51004	-7.76713
-3.56468	-2.90788
-5.34244	-10.0493
-4.39606	-3.29435
-3.64711	-8.76408
-4.23751	-5.92654
0.0307239	-3.66126
-9.42897	-11.6968
-11.6558	-10.3303
-11.696	-8.9829
-12.6529	-8.13291
-13.8572	-4.45661
-13.4372	-4.41272
-12.1064	-7.0442
-9.11947	-10.6189
-8.86422	-9.47736
-8.92749	-8.9222
-9.18038	-9.37105
-8.8259	-6.10253
-8.44701	-9.31659
-7.59059	-4.91319
-10.1676	-9.09513
-10.0043	-3.97198
-10.3589	-6.5465
-4.50518	-4.75073
-5.64705	-6.81116
-8.86188	-5.84036
-6.78754	-7.95582
-1.45446	-3.39789
-8.70066	-4.78856
-2.93449	-4.06233
-4.29566	-4.88213
-3.69883	-3.76182
-7.52679	-3.68623
-2.20019	-5.59962
-5.36139	-2.2049
0.971961	-3.67421
-0.990652	-9.12566
-4.40088	-8.03909
-1.2628	-3.55993
-4.23151	-10.3653
-6.03556	-7.61198
-3.51287	-1.14402
-2.40127	-5.58272
-1.22118	-4.20616
-4.77985	-2.69941
-5.23172	-5.76836
-5.05914	-2.35943
-4.58518	-7.94497
-7.18031	1.18529
-7.33798	-5.25729
-9.64688	-0.622187
-7.51435	-3.5576
-12.0736	-8.27495
-8.34863	-4.51572
-8.71026	-5.3597
-8.52605	-2.29274
-7.6732	-5.4856
-2.16179	-7.39639
-2.8142	-1.52733
-12.0445	-14.7287
-15.6519	-15.2691
-16.2255	-11.745
-16.8367	-10.1518
-19.3134	-8.91282
-16.617	-5.78426
-15.6347	-3.43396
-15.4768	-3.79008
-13.2671	-3.28776
-15.001	-6.48936
-14.9871	-4.85882
-13.7933	-6.45493
-13.0232	-10.6436
-13.8375	-11.3045
-14.9677	-10.5965
-14.5201	-14.0848
-11.6773	-12.2892
-8.43838	-15.2207
-6.73279	-14.3634
-10.3252	-15.0936
-15.6932	-14.7225
-22.6721	-16.61
-24.3356	-18.067
-22.9217	-14.7851
-18.4455	-13.9425
-14.0429	-8.31498
-7.76067	-13.545
-6.13577	-19.5567
-6.20141	-19.0692
-3.22984	-16.6231
-4.16401	-11.6453
-3.43444	-10.9451
-2.36739	-15.4195
-7.85988	-8.55532
-5.83357	-16.9761
-9.40471	-18.7349
-10.7199	-17.2964
-11.0595	-15.4995
-10.4121	-14.1819
-9.04417	-10.6246
-10.4845	-11.3042
-11.9445	-10.2134
-12.8894	-10.8326
-7.73814	-10.5512
0.340232	-7.47482
-0.497373	-4.36402
-1.34141	-7.73193
-8.14929	-13.0997
-9.23307	-13.72
-5.7648	-8.81786
-3.8781	-11.5199
-13.7644	-9.57936
-16.1081	-8.35688
-16.8242	-9.09081
-16.7671	-8.55949
-3.21476	-2.44416
-2.91593	-2.83919
-7.51933	-3.97694
-9.93037	-7.53674
-8.96964	-4.93316
-7.53385	-6.24519
-8.92273	-7.33969
-10.1914	-11.9981
-5.52261	-11.9492
-6.67797	-9.02279
-16.5278	-11.0711
-19.532	-15.8155
-22.4149	-14.886
-23.8699	-17.4828
-24.0103	-18.7733
-25.1399	-15.0414
-23.0601	-15.8066
-23.9819	-16.0993
-23.3499	-15.0185
-20.2397	-20.2054
-17.5013	-21.8482
-17.3234	-19.6595
-17.6267	-22.1236
-16.5283	-23.1291
-15.3638	-21.2958
-13.1584	-18.8291
-13.4849	-22.4319
-14.5399	-20.1195
-13.7191	-18.6573
-12.3401	-13.6152
-10.5334	-13.8565
-7.89815	-14.7338
-5.02436	-12.9291
-2.56313	-7.97149
-10.1638	-16.7163
-7.44543	-18.6767
-2.05267	-17.1227
-13.7244	-4.0744
-12.3631	1.55487
-10.9296	-2.95007
-9.22873	-7.01523
-8.87592	-5.19572
-12.6785	-2.42559
-9.62454	0.467461
-15.2579	1.70443
-10.681	-7.50499
-15.3987	0.234953
-13.5035	-4.9309
-12.7663	-3.10579
-14.3876	6.95405
-13.4249	3.32983
-7.65475	-0.491105
-5.40826	-1.12923
-10.9705	2.46831
-12.9657	2.42036
-13.5012	-3.49555
-17.2448	0.914016
-17.8777	4.39231
-16.9429	2.55468
-14.1248	5.90996
-15.4842	-8.85468
-11.7378	-0.234183
-12.682	-3.71367
-11.0891	-3.56428
-9.71004	1.51265
-11.5289	-3.76742
-10.2788	-2.13951
-8.72529	-5.69647
-8.2252	0.0909164
-9.70795	-6.8844
-11.1063	-4.15726
-10.0979	-0.312753
-8.25484	-5.60395
-8.30404	-5.92577
-8.88012	-6.91779
-4.14321	-4.168
-4.00949	-4.06919
-4.04491	-9.53425
-2.92492	-9.77003
-3.27862	-8.60459
-6.08907	-3.71293
-2.97039	-10.1655
-2.90649	-5.13569
-3.78318	-4.60771
-4.84862	-5.48002
-5.44608	-3.18353
-6.44931	-4.60449
-0.820383	-6.72312
-3.8857	-10.0267
-4.10185	-6.33263
-2.88247	-4.50834
-0.930104	-8.85539
0.737638	-7.69823
-1.74041	-7.80397
-2.19	-8.85086
-3.57711	-9.17468
3.27341	-15.6074
-3.21954	-8.95829
-4.04302	-3.84195
-2.02604	-8.15912
-0.201144	-10.8877
-1.21458	-13.4599
4.19608	-12.2281
2.24983	-14.6661
0.878109	-14.2531
2.94371	-15.6224
4.131	-16.0617
1.673	-16.1679
-4.16672	-16.4808
-7.921	-17.9144
-12.4128	-21.1312
-10.9771	-14.6481
-12.6648	-12.6785
-17.203	-12.144
-16.7992	-10.8791
-16.6858	-13.9961
-17.4186	-9.71182
-11.8469	-10.761
-10.086	-8.59215
-3.27854	-7.33771
-3.52205	-2.61558
-8.2437	-5.26549
0.544054	-4.27189
-6.09884	-7.95084
-6.61092	-8.20244
-8.19068	-3.62653
-7.15139	2.13677
-3.90556	0.732139
-7.99677	-0.623677
-4.34186	-1.54113
-4.7489	-12.5032
0.561371	-16.8439
2.89566	-11.5491
3.47727	-9.70705
0.616361	-9.01181
-0.513363	-14.4866
-6.1106	-25.6899
-8.73662	-29.3178
-8.86888	-28.4022
-10.4401	-30.6823
-8.32107	-30.7886
-8.34342	-32.9803
-4.54105	-34.2425
-2.27044	-25.8849
-2.3381	-23.5981
-6.4259	-21.1076
-1.50582	-23.7729
-4.61323	-17.5312
-6.90243	-8.95904
-7.58457	-9.67709
-7.67395	-6.59496
-2.3288	-6.19267
-6.88455	-2.99913
-6.61718	-9.44463
-5.60848	-8.83548
-9.19311	-4.94819
-4.83273	-5.80986
-6.9229	-6.61913
-5.48301	-12.4046
5.97829	-3.80125
5.3888	-6.36972
-0.0446786	-11.7439
-7.44191	-13.4086
-8.95641	-19.7348
-12.2781	-21.3582
-8.9959	-17.9975
-6.41417	-12.9342
-5.21226	-1.49964
-0.5485	0.212614
-9.43488	-2.80585
-8.67135	-4.07543
-6.72737	-7.03754
-8.07079	-5.19216
-10.8612	-0.857472
-9.35795	-2.95258
-6.81263	-2.90499
-14.5577	-8.9832
-16.2196	-6.76425
-17.2672	-5.62314
-16.392	-9.02192
-8.93058	-7.33706
-7.70014	-5.508
-6.32386	-5.80834
-7.98459	-8.06231
-8.04774	-6.17896
-8.02389	-7.56157
-3.57326	-2.47459
-1.33402	-3.77072
-8.47125	-6.85255
-7.97553	-6.90513
0.600875	-4.83355
-1.78296	-8.16003
-4.77807	-12.6689
-2.54066	-3.99416
1.61916	-12.9266
-10.251	-16.7947
-11.3995	-17.9045
-12.8991	-16.7016
-14.7329	-15.5457
-9.89578	-9.1603
-5.07055	-11.2686
-2.17376	-4.26703
-8.02254	-13.59
-10.1212	-13.7203
-9.76772	-11.757
-8.09428	-8.00097
3.21498	-5.52365
2.19482	-16.732
1.08073	-25.2519
-3.43644	-27.2064
-6.75069	-28.0932
-6.73365	-31.2051
-5.23407	-29.0748
-7.37838	-26.5392
-8.5996	-23.7594
-8.21867	-21.0609
-4.42491	-20.3998
4.06662	-12.9858
3.7603	-16.0058
1.65116	-17.7874
-1.73001	-20.9732
-5.14384	-11.6239
-1.69494	-10.3904
-7.43204	-12.0006
-12.6947	-14.2524
-10.2496	-11.4817
-10.841	-14.02
-11.522	-13.1535
-12.7425	-11.9231
-13.34	-9.73475
-9.86578	-9.68178
-2.34666	-1.47468
-4.74894	-2.05806
-4.46791	-11.8189
-3.36117	-9.57947
-2.31538	-4.01326
-1.60331	-7.94667
-1.39819	-13.2505
-2.90957	-9.60931
-2.22914	-8.999
-10.1685	-12.1328
-12.9625	-9.41503
-17.0603	-10.8275
-18.7751	-8.48204
-20.9219	-4.90985
-18.8851	-8.73641
-17.2226	-9.40521
-18.7755	-9.24101
-16.5715	-10.4911
-17.3281	-9.90855
-17.486	-10.2226
-20.6051	-3.83893
-20.1483	-4.44956
-17.2915	-4.43946
-14.5045	-4.526
-12.6682	-1.16585
-7.65311	3.13221
-8.74508	-2.11658
-12.1575	-9.93698
-9.42691	-10.7772
-10.7275	-10.1423
-3.77408	-3.91473
-4.12291	-3.78789
-4.43006	-4.10614
-7.94005	-4.97206
-13.2711	-5.72789
-10.0856	-8.8023
-8.0006	-11.7637
-5.73186	-12.7502
-7.37025	-9.74455
-3.34579	-6.00979
-7.35564	-10.8478
-7.94089	-7.90316
-7.44386	-7.21114
-7.75546	-5.31567
-7.33668	-5.3663
-8.60213	-6.94871
-8.71701	-6.6761
-7.54548	-7.1504
-8.48082	-10.3524
-8.54976	-11.2982
-4.38245	-10.0257
-5.13615	-5.30575
-7.92576	-6.52119
-6.64611	-5.27966
-7.59327	-6.07876
-4.99933	-1.40485
-6.45719	-5.60151
-5.02449	-9.66252
-4.32536	-7.33585
-3.83996	-3.79849
-4.70784	-5.95206
-7.91484	-6.10749
-4.66771	-6.59486
-4.51582	-7.47951
0.065371	-1.80359
-4.76268	-9.80342
-4.23558	-4.88764
-1.45073	-6.03135
-4.09315	-1.59503
-4.93706	-8.07883
0.727236	-3.32056
2.22231	-4.39002
-1.2998	-6.22887
-3.22656	-6.93458
-1.47071	-2.11156
0.0889835	-1.06282
-6.27813	-5.16222
-3.16165	-8.21392
-2.96625	-5.73252
-18.9161	-11.5236
-18.6801	-13.2801
-15.8715	-12.6039
-12.8884	-15.2976
-10.7191	-15.8317
-7.6001	-17.4763
-3.22238	-10.6171
-4.842	-11.4885
-3.29747	-10.0605
-3.5726	-9.70721
-3.77541	-7.42136
-11.6401	-9.18241
-14.9136	-5.94538
-12.3882	-7.7837
-10.9633	-5.25491
-8.91363	-3.0382
-10.0358	-6.8772
-4.99671	-10.1784
-3.51023	-17.0121
-0.347007	-15.8761
-1.88098	-18.092
-2.20117	-18.9443
-3.16424	-18.4928
-3.77812	-21.9591
-4.44618	-28.5832
-3.59371	-23.3286
-6.42806	-18.7198
-11.3334	-15.6361
-16.347	-17.9646
-19.1603	-16.9154
-13.3089	-20.4387
-7.17423	-17.4638
-3.93608	-15.4332
-6.76325	-13.4836
-12.6865	-10.2952
-15.0511	-11.2187
-18.7252	-13.371
-16.4239	-12.1908
-17.0391	-7.13621
-18.1532	-7.15165
-18.4164	-7.01799
-18.7375	-8.37214
-18.7093	-8.10367
-21.4786	-12.5814
-17.3341	-13.7225
-15.7055	-13.1651
-14.6393	-12.0332
-7.38388	-12.2266
-8.65309	-12.6514
-8.01767	-13.0184
-5.70335	-13.4903
-6.72981	-17.1036
-2.27718	-15.7807
-13.1314	-14.2267
-15.2831	-12.279
-8.1873	-11.1818
-7.09783	-11.1807
-6.6339	-10.2466
-5.51247	-12.0461
-1.99194	-6.54109
-2.99234	-3.33081
-4.53499	-1.71654
-3.66674	-1.66383
-3.21947	-7.27643
-5.277	-6.85483
-9.15832	-0.277144
-17.7045	-10.1474
-15.41	-12.8856
-13.611	-12.5713
-9.97313	-17.4694
-2.79249	-15.3159
-6.19329	-10.8443
-8.09774	-15.0957
-1.77108	-15.9445
1.47608	-12.6851
-7.1778	-3.61302
-3.75617	-4.76205
-7.06455	-9.91501
-8.5982	-5.6985
-2.6795	-9.98336
3.73034	-9.36927
5.92358	-13.4255
-5.17644	-21.4119
-7.10212	-21.2538
-5.54616	-18.1317
-3.76748	-16.4974
-3.4374	-12.2703
-2.78788	-0.097536
-2.97275	-0.813989
-7.47824	-7.81119
-9.34152	-7.83137
-5.71192	-5.23012
-9.64915	-6.08315
-6.961	-8.68684
-7.39902	-10.5856
-5.08878	-13.3627
-3.5643	-13.3866
-0.366563	-18.3997
-4.13029	-16.4809
-0.395949	-22.6862
-2.8835	-25.8302
-3.34256	-23.0499
-5.05388	-21.2183
-6.55996	-17.0368
-8.79054	-14.4497
-10.4923	-11.4764
-9.54353	-9.77467
-7.57852	-5.88725
-1.03326	-8.03415
-3.21141	-6.45918
0.266534	-5.89771
-5.86917	-5.30102
-9.01549	-9.67018
-10.5127	-13.4789
-11.9234	-12.1719
-10.8359	-12.2936
-10.618	-10.9734
-9.46564	-10.1098
-11.1949	-9.79327
-3.14305	-11.4174
-2.8656	-7.05438
-10.1514	-9.65885
-12.3632	-11.8004
-11.9488	-10.6441
-2.47154	-6.87948
-9.51697	-10.7515
-9.67621	-12.6938
-7.62774	-12.5652
-8.12526	-16.1122
-8.29205	-17.298
-7.88166	-16.8614
-8.48173	-17.1093
-7.93275	-12.5282
-7.70464	-10.5089
-7.53962	-8.2502
-0.655132	-10.0037
-0.277759	-10.1428
-0.500102	-10.1269
-1.49218	-8.68083
-0.656169	-7.22674
-0.730345	-8.62679
-1.82329	-7.64451
-0.911258	-7.1828
0.239398	-5.80912
1.56856	-5.36886
-0.701415	-5.30173
1.13683	-6.93169
0.513813	-5.45001
3.17722	-2.7763
7.05273	-4.02776
6.85231	-2.03506
4.78149	-0.319863
6.80901	2.32681
8.15208	-1.49982
6.49482	-2.57704
5.60899	-4.24181
5.12269	-4.90643
6.78001	-6.02505
-4.04364	-7.33277
-0.807549	-14.1362
-6.52328	-2.20044
-8.21762	-1.97833
-5.94041	-1.80302
-8.85923	1.92883
-10.0694	-0.34649
-10.461	-5.03333
-3.72662	3.94069
-12.5109	-3.93245
-13.2467	-3.01357
-14.287	-1.86958
-15.6412	-0.486409
-13.7845	1.74639
-14.4258	-1.80075
-11.5026	-5.70772
-5.9437	-8.15268
-8.94034	-5.96457
-11.3715	-4.35134
-9.31519	-2.7295
-9.33237	-7.81735
-7.85267	-5.93891
-11.1739	-5.47474
-9.57091	0.643686
-8.6204	-2.12419
-3.1031	-7.43578
-5.96714	-4.5255
-2.53667	-4.08708
-5.6057	-4.95942
-0.946348	-3.9733
-3.53672	-4.99991
-3.48851	-7.23322
-6.31076	-5.35776
-3.01554	-5.35362
-6.6895	-0.622786
-5.54293	-8.88926
-2.96087	-6.40519
-1.7814	-8.92404
0.461387	-1.39294
-3.32755	-9.57309
-2.51381	-6.21049
-7.55611	-11.0964
-6.41545	-5.96179
-4.00035	-5.48017
-4.51396	-9.14927
-6.15136	-5.64085
-4.47409	-6.33033
-4.09402	-3.56047
0.434029	-2.76679
-3.76586	-10.1329
-5.5871	-10.8929
-5.17484	-13.3945
-1.45165	-11.6142
-1.36505	-10.8264
-2.79235	-9.41132
-4.69102	-5.47877
-0.984474	-7.80127
-2.88181	-6.74415
-9.50502	-9.61538
-6.59691	-11.6568
-2.75536	-8.55033
-4.40864	-11.9129
-3.90379	-7.65669
-1.95327	-10.9946
-3.74272	-10.3166
-0.519595	-10.2273
0.358938	-8.87051
0.770945	-6.73291
3.68311	-3.9725
0.240579	-4.79673
-0.0175127	-4.91339
-12.467	-6.02789
-16.2368	-6.93698
-16.1621	-5.15439
-15.7757	-5.63983
-15.3867	-4.99378
-16.2802	-5.6523
-17.4434	-6.07484
-18.2195	-8.66431
-14.1926	-7.12109
-5.65368	-5.65566
-8.36756	-2.76581
-7.56507	-0.353367
-5.67679	-3.74324
-7.59481	-9.66234
-16.9117	-10.8641
-19.0958	-8.78258
-19.1578	-9.21993
-18.8021	-10.7885
-16.562	-12.7352
-15.0591	-10.9425
-9.72391	-13.6911
-8.12525	-10.326
-6.21518	-10.6953
-7.17252	-10.4133
-6.71225	-8.80523
-7.28505	-11.8014
-18.9395	0.196086
-19.1379	0.413111
-16.2772	1.2123
-15.8313	0.623922
-16.0463	0.142769
-17.1673	-1.71468
-18.7174	-0.502817
-21.7682	-4.57374
-20.0489	-8.65576
-20.0639	-13.0647
-20.6964	-12.7393
-20.3603	-9.16726
-23.679	-11.3625
-24.4108	-12.5025
-22.0086	-11.5828
-19.681	-8.57953
-17.8908	-8.6113
-15.9258	-8.05777
-11.4542	-7.05488
-4.42923	-1.06641
-5.99877	-4.4367
-9.59504	-11.3322
-2.99989	-8.44809
-2.18681	-7.1426
-5.56621	-7.45382
-7.99619	-14.1684
-4.50611	-14.8705
0.404425	-16.4303
-1.18989	-20.9475
0.473674	-18.936
-4.02296	-24.571
-4.01443	-23.0738
-4.5135	-22.9617
-5.58185	-19.6389
-5.33544	-14.1833
-4.5859	-7.42986
-5.0277	-9.10198
-10.5295	-8.55245
-13.0309	-10.7801
-16.164	-10.5022
-17.6619	-9.28945
-14.611	-7.93791
-11.477	-12.8066
-6.27175	-15.515
1.32906	-15.7696
3.58731	-8.52362
0.596568	-1.94897
-8.46704	-4.82
-6.55583	-11.669
-9.14187	-11.3112
-6.50729	-7.35786
-1.60713	-7.56798
1.05554	-13.0484
-3.69475	-23.058
-3.78865	-22.049
-3.60254	-18.4698
-3.8829	-15.8079
-4.32544	-14.8249
-5.71326	-13.8125
-4.82298	-13.6296
-6.9261	-13.4245
-6.38135	-14.3703
-7.60777	-15.6587
-6.63175	-15.5969
-4.62923	-15.8386
-4.88958	-8.87508
-9.8527	-4.65136
-8.33349	1.35997
-3.15067	2.45814
-0.327478	4.80149
-2.55139	7.38412
-0.910365	1.7877
-1.89253	-0.699372
-5.50697	2.92103
-10.4487	0.862403
-12.8577	-1.12362
-9.33932	-5.03974
-7.70812	-8.23067
-8.90241	-8.27998
-8.55058	-5.99829
-9.93749	-2.36279
-9.60975	-1.87058
-9.59047	-1.13049
-8.21028	-0.883227
-8.22835	-0.387933
-6.11449	-0.197776
0.629061	2.89516
8.4584	6.15127
10.9677	0.0133016
6.92357	1.03697
4.99133	3.86585
-0.128332	-2.95828
-2.09658	-10.5175
0.879954	-3.33077
-0.775842	-5.20171
-0.529109	-2.07679
-3.81383	-5.18909
2.40523	2.05928
-1.93954	-7.61911
-0.497321	-7.26311
-3.93936	-5.75768
0.513831	-6.38195
-1.32364	-5.9359
-1.76266	-10.1864
-5.36484	-9.97211
-0.740681	-9.50504
-4.16904	-6.67228
-4.64279	-10.5119
-6.26346	-12.4477
-3.47139	-6.52264
-5.51604	-3.83207
-0.682983	0.112218
-5.6049	-1.47086
-3.84174	-4.3064
-7.18737	-5.37475
-0.894783	-5.82662
2.15147	-4.34618
1.00818	-3.71681
-2.90963	-7.31811
-5.77771	-8.371
-11.8976	-14.0256
-15.4416	-12.2975
-16.3113	-11.66
-14.7265	-10.0601
-16.33	-10.7935
-14.9464	-8.69136
-7.63857	-5.07824
-7.67123	-9.88565
-5.07728	-9.1306
-1.97772	-13.9351
-4.25202	-4.33393
-7.92362	-8.63206
-3.69427	-11.4741
-10.6375	-16.0929
-16.792	-15.6498
-14.3424	-15.4084
-10.9197	-15.0291
-9.48541	-13.7687
-4.24174	-5.23191
-5.89056	-7.88589
-17.8881	-10.4298
-10.1948	-8.56727
-11.4055	-8.15106
-9.81676	-10.854
-5.3027	-8.84171
-8.04132	-11.9657
-5.37779	-8.53685
-6.03738	-8.79353
-8.13479	-10.8702
-12.1634	-13.694
-13.4461	-10.8551
-14.429	-10.6551
-16.1144	-9.24246
-17.4626	-9.60168
-17.0316	-8.45202
-16.4358	-8.73442
-17.8323	-9.66989
-16.8943	-9.37618
-18.1484	-9.94375
-14.8235	-9.46335
-10.981	1.66986
-10.2935	-3.01434
-13.2763	-4.52436
-10.1026	-6.29324
-8.10805	-6.69544
-8.16535	-7.85586
-7.71894	-4.7161
-16.0084	-6.31821
-11.6409	-5.56772
-12.3587	-5.21104
-10.7382	-4.12201
-5.04602	-6.93515
-5.7469	-10.1311
-15.4358	-9.29047
-14.5863	-7.50672
-17.8012	-5.47564
-18.3789	-5.00464
-19.2297	-5.86538
-21.3345	-6.36209
-19.3241	-10.2695
-12.5434	-8.58283
-13.4644	-9.34589
-13.2006	-7.48495
-10.9169	-11.5009
-9.72979	-11.3999
-12.1661	-9.5066
-12.5803	-10.5852
-9.02594	-9.45399
-6.01166	-10.5968
-17.9506	-16.3881
-22.0686	-12.9569
-23.0193	-14.311
-20.8206	-10.8103
-8.19211	-9.14505
-5.14319	-7.4635
-6.95423	-1.70459
-10.7594	-8.86961
-8.64312	-5.80995
-9.69707	2.50173
-8.70703	1.69379
-10.6431	-10.1691
-12.2996	-11.8408
-12.7881	-10.8118
-10.8777	-8.0094
-14.0635	-8.81555
-14.1361	-6.40127
-17.6409	-7.83872
-21.7591	-8.98613
-20.7699	-7.79404
-20.3086	-5.64413
-15.931	-9.89083
-17.3318	-9.11131
-12.0674	-7.72907
-6.57627	-6.47415
-2.78963	-5.55009
-2.14295	-5.37582
-3.51048	-0.274915
-6.16924	-1.93242
-5.97684	-9.87207
-15.8852	-7.51519
-15.5106	-7.83331
-14.1854	-8.75976
-10.9601	-9.83036
-6.90084	-7.47245
-2.41526	-1.93165
0.393399	6.62892
-9.05666	-2.81201
-6.89059	-7.69145
-11.4722	-12.1114
-7.95382	-10.1731
-9.12889	-6.14163
-8.47188	-9.67518
-10.373	-11.8498
-8.38756	-8.65566
-6.89491	-11.7123
-3.91759	-15.0033
-1.31536	-7.97468
-5.73581	-6.24334
-5.90571	-6.3943
-6.89911	-8.33642
-6.2279	-8.51625
-6.5734	-9.96644
-6.11068	-12.406
-6.25753	-14.0727
-5.15639	-16.8573
-3.10433	-17.8386
-1.68365	-18.1754
3.87624	-7.31176
2.14978	-6.36263
-3.34759	-3.65651
-3.7659	-7.63823
0.798786	-8.91658
2.03643	-3.3719
-1.7275	-6.57687
2.98453	-9.07877
-4.5211	-5.65296
-4.58291	-4.04742
-3.28816	-7.78985
-2.69663	-7.69046
-4.61067	-6.10282
-7.04198	-7.78668
-0.222564	0.464735
-3.75216	-7.67221
1.2302	-3.05233
-1.69142	-5.62841
-2.01676	-4.48058
-5.50956	-4.88701
-1.92389	-1.99892
-7.81231	-2.56395
-8.15836	-5.60367
-9.50141	-5.47701
-7.65326	-8.01734
-9.85338	-6.43156
-10.3415	-8.20405
-7.99364	-0.630986
-8.58285	-7.33161
-11.0521	-8.3608
-8.99681	-8.11108
-4.8813	-8.05412
-13.7579	-7.99324
-6.66951	-10.5246
-5.27041	-6.22287
-5.28118	-10.8318
-7.28168	-4.22655
-9.04298	-10.2559
-5.13266	-8.86248
-8.30942	-10.3819
-6.97992	-10.8436
-10.4532	-6.57193
-6.15558	-7.81606
-6.76881	-2.41641
-5.73751	-8.62434
-7.79055	-4.45053
-6.75166	-15.3097
-9.22506	-10.4272
-5.02073	-10.6449
-7.26672	0.753951
-5.94692	-6.95958
-5.83425	-6.98036
-5.84754	-10.546
-11.1502	-9.34459
-6.31962	-6.26907
-4.7722	-7.89704
-6.8414	-5.76994
-5.98248	-8.07673
-7.86317	-11.4591
-3.58613	-4.67575
-6.82243	-6.72987
-7.78587	-5.65033
-7.20929	-8.17486
-5.17691	-8.87382
-8.22468	-11.3194
-8.63956	-11.4019
-7.10239	-10.1396
-4.26597	-6.73608
-4.83393	-4.58422
-4.59399	-8.43043
-4.82575	-4.70381
-2.92718	4.25173
-5.60629	-6.81026
-1.30667	-2.75003
-3.32046	-10.4442
-5.25231	-4.09912
-5.88424	-9.61716
-5.26286	-1.41796
-3.05338	-6.00789
-3.38514	-3.53296
-3.31227	-8.219
-2.24796	-5.1341
-2.15572	-2.2614
-5.15212	-8.58635
-0.95133	-3.19444
-1.86402	-3.25989
-9.19531	-3.53522
-4.86183	-5.68788
-1.90617	0.250534
-4.01131	-6.49315
-5.32152	-5.13464
-5.84042	-7.24775
-5.88554	-11.4841
-4.00765	-8.75918
-6.22424	-3.72442
-0.294391	-7.7145
-4.41004	-8.69701
-3.48675	-9.88706
1.26643	-7.97991
-4.31415	-11.5007
-2.11883	-6.94919
-1.03728	-7.20868
0.205333	-4.07911
-7.17077	-3.57195
2.29142	-5.66197
2.92058	-6.61859
-1.49849	-7.43172
1.39131	-1.37108
3.55651	-1.44279
1.51024	-4.61494
-5.47185	-1.77452
-9.26992	-2.40066
-2.79641	-6.30178
-7.03871	-8.35651
-2.19481	-3.0697
-4.63803	0.938284
-6.35995	-4.32597
-5.13904	-15.9108
-6.20263	-8.38695
-2.3101	-3.72824
-5.70668	-8.51337
-4.06772	-7.69223
-14.0965	-9.73717
-13.1343	-10.2457
-14.4758	-9.77217
-13.8112	-9.46132
-12.3381	-9.40781
-13.4507	-13.0503
-14.8334	-12.8552
-13.6965	-13.323
-12.881	-14.3598
-10.9377	-18.0192
-7.93315	-16.7491
-3.85084	-6.1953
-2.13218	-5.48926
-4.14277	-9.95871
-4.42419	-12.3299
1.59581	-17.0809
-1.06274	-22.9041
-3.36939	-26.093
-4.2792	-27.2838
-3.46012	-28.087
-3.7891	-28.7055
-0.471366	-29.7203
0.168625	-31.9777
1.38122	-27.065
2.83638	-21.6567
2.83559	-16.8406
5.03246	-16.0992
-0.00686102	-17.9844
0.860822	-17.9024
-2.4831	-20.5331
-8.00453	-23.9869
-8.51601	-23.4502
-9.44739	-20.9964
-8.14357	-18.1928
-10.1221	-17.2427
-1.75916	-10.9164
0.70497	-10.1489
-0.998021	-15.3284
-3.61528	-17.0103
0.413015	-13.6978
-1.88854	-14.2323
-5.97016	-17.2309
-5.69901	-12.5285
-2.30272	-9.10401
-1.92571	-20.2139
-0.245176	-12.7289
-0.0143593	-6.43365
-4.22959	-20.3181
-2.9471	-29.0437
-2.08741	-29.5193
-1.35891	-29.0211
-0.430555	-25.2536
-1.7102	-20.0945
-2.21294	-13.6549
0.0886612	-14.3555
-1.93782	-16.1792
3.37129	-15.9834
4.69389	-12.436
2.89978	-19.2061
-0.228887	-20.6782
-1.015	-24.7041
-3.12408	-24.2381
-2.63604	-23.1283
-1.55824	-25.839
-3.46214	-17.1878
-4.33374	-16.1755
-5.11373	-12.4533
-5.18053	-11.7045
-6.25612	-12.0579
-6.30855	-11.6722
-6.44342	-11.3288
-6.60957	-24.0703
-6.15154	-27.9932
-6.11969	-28.0204
-6.94763	-27.5373
-7.9885	-26.5226
-8.93217	-24.2346
-7.17098	-23.9998
-6.73818	-24.4361
-6.80242	-23.9183
-6.36775	-24.1157
-5.30378	-24.8569
-1.43422	-22.0143
0.802808	-12.461
-0.804714	-8.94912
-1.13273	-3.11804
-2.91123	-2.88944
-7.97353	-8.47311
-9.64375	-11.7038
-11.4171	-16.4051
-2.8669	-11.4543
-0.90989	-18.8891
-1.1944	-15.5505
1.46759	-23.4854
0.102559	-23.6547
-2.59994	-23.3659
-5.54546	-24.5044
-7.03996	-24.6958
-6.61986	-25.28
-7.18846	-25.2973
-8.78297	-25.8821
-10.6211	-25.158
-11.8829	-21.3447
-10.1038	-20.3481
-9.37728	-19.3099
-9.69034	-19.2642
-9.263	-18.0464
-9.03709	-17.854
-8.84213	-18.406
-9.56541	-18.0437
-9.49553	-16.6548
-8.33182	-15.7795
0.949341	-11.1839
0.378123	-9.05686
-1.05501	-13.7479
3.01832	-9.93769
-5.46778	-12.4298
-9.0064	-12.2166
-14.8402	-12.1744
-15.5515	-11.0784
-16.678	-10.221
-15.286	-8.50255
-16.8311	-9.22755
-15.1573	-7.51962
-14.1894	-7.33736
-10.191	-4.6695
-5.8755	-3.92877
-6.1093	-3.77609
-4.95707	-5.79688
-4.55842	-10.7577
-6.79746	-12.4233
-8.11637	-13.8334
-9.22407	-15.8576
-9.20852	-17.0928
-9.62314	-17.1707
-10.0982	-17.4377
-9.8144	-17.2633
-9.84132	-14.9156
-8.17951	-9.38015
0.204496	-1.66233
-4.87128	-8.93701
-7.17074	-14.3883
-3.42657	-14.0995
-3.23074	-7.33936
-10.946	-8.80991
-7.09383	-11.5546
-4.50037	-11.3282
-8.79749	-2.94449
-3.79638	-6.56119
1.19609	-19.0394
0.882071	-23.8065
2.14713	-26.396
1.76793	-27.813
0.283845	-28.0305
1.76127	-26.1295
0.859097	-26.8257
-0.240999	-26.4752
-0.805217	-26.5455
-1.39113	-26.1398
-2.5715	-28.1558
-1.64708	-29.5336
-1.29415	-29.1312
-1.56947	-28.8456
-2.95071	-26.8801
-4.8479	-23.4232
-8.64263	-19.7794
-11.9326	-16.456
-15.219	-12.4065
-16.3785	-10.822
-16.9644	-9.94236
-17.6267	-8.525
-12.0977	-6.92731
-13.1865	-6.04384
-10.877	-3.98521
-4.97607	-5.15486
0.844604	0.298865
-1.12288	-4.12424
1.47414	-5.54015
-1.9305	-11.7609
-6.10773	-9.81373
-5.48219	-8.69402
-4.49149	-6.35353
-7.31539	-12.0366
-7.46191	-8.65354
-3.86643	-11.3184
-6.96616	-9.46846
-4.40274	-10.786
-5.60355	-11.2197
-5.42973	-6.35876
-3.21113	-3.40582
-3.56021	-10.0433
-5.44523	-7.77451
-5.90111	-7.39734
-3.30349	-1.58687
-7.94122	-5.6023
-2.86683	-3.0989
-8.0075	-10.1816
-4.3143	-2.64905
-5.17778	-4.2238
-3.58689	-5.45659
-2.70166	-7.47634
-9.27462	-4.04862
-4.7517	-9.74611
-1.80572	-10.5793
-3.83847	-7.66423
-3.23663	-3.69644
-4.06315	-9.05417
-7.14518	-7.80503
-2.42193	-4.32627
-3.60969	-9.39378
-1.88809	-9.26888
-1.20252	-4.79204
0.0838576	-1.10881
-1.93955	-5.06671
-6.92747	-6.58022
-6.83726	-1.69627
-5.27136	-6.45112
-4.27697	-6.15866
-2.63154	-4.42815
-3.06419	-5.3642
-3.03004	-8.60561
-7.35584	-10.4938
-1.7373	-5.3546
-19.3161	-4.39383
-16.9375	-7.88776
-16.9733	-8.85658
-17.7198	-6.65385
-15.4027	-9.73249
-18.0415	-7.40816
-16.6373	-6.83678
-15.5444	-7.16827
-11.291	-10.7033
-9.50642	-10.3989
-7.76443	-4.21361
-6.00382	-1.86182
-6.29104	-7.41997
-10.9375	-5.31611
-10.0559	-14.1305
-7.72866	-11.229
-7.71419	-5.89846
-7.0194	-10.5772
-10.3396	-13.9029
-11.7652	-12.6485
-1.69657	-14.4091
-4.98397	-23.6271
-7.47002	-24.4577
-8.96192	-24.8935
-8.89838	-25.118
-9.3918	-23.4713
-8.26591	-18.0912
-4.68356	-10.5623
-7.66304	-12.1615
-9.41778	-10.1974
-12.0607	-9.94764
-16.5906	-10.1245
-18.2492	-11.5937
-17.2381	-10.5535
-18.3296	-12.278
-16.0419	-11.7853
-16.589	-12.99
-15.6323	-11.4653
-10.8349	-7.11974
-3.67494	-1.37137
-8.72692	-8.45718
-10.1603	-10.6609
-7.18373	-11.2363
-6.27255	-13.203
-8.04423	-21.3548
-7.53325	-25.3651
-9.46289	-27.7048
-9.52313	-27.1218
-9.2284	-26.7283
-8.00928	-25.0765
-8.58577	-21.3137
-9.58981	-17.3418
-8.74811	-18.2236
-9.47009	-16.6046
-6.02504	-16.7545
-5.64315	-16.7584
-4.58585	-28.1406
-7.11846	-29.6094
-6.39614	-27.7328
-5.11432	-29.2812
-4.0815	-29.1545
-0.117328	-27.5623
2.50083	-16.7176
0.998739	-17.1896
-0.34956	-20.3157
-3.92429	-19.102
-1.54422	-20.7228
-4.11326	-17.9879
-6.06109	-9.32909
-9.79688	-17.2772
-11.5895	-13.473
-11.2684	-10.4935
-12.2578	-11.5282
-14.2542	-11.8832
-13.7142	-11.7693
-11.228	-10.959
-1.32531	-4.02651
-1.43133	-5.9485
1.76603	-7.8172
-3.37278	-8.18279
-10.3951	-17.412
-10.7553	-10.3669
-6.38035	-10.6555
-6.75858	-10.4081
-8.39601	-4.60047
-6.52329	-9.79441
-8.57777	-12.8807
-4.022	-0.161072
-14.3526	-7.57137
-17.2862	-10.061
-15.185	-10.614
-11.7696	-15.8295
-5.6487	-13.4354
-7.84813	-5.60056
-12.0693	-14.0848
-10.385	-14.1049
-11.8127	-15.4028
-12.3992	-13.6164
-14.0652	-8.86815
-10.9668	-6.14742
-4.10859	-4.39747
-6.22956	-8.19318
-12.5468	-8.84939
-19.1726	-11.9813
-24.2197	-16.3545
-24.9615	-15.6989
-26.1632	-13.3299
-25.7488	-14.9593
-26.7792	-15.2426
-22.5535	-14.1838
-13.7423	-9.31965
-5.71559	-5.97267
-7.80568	-8.5122
-6.29635	-5.10187
-5.04977	-7.04585
-15.2993	-7.88366
-19.6344	-7.7949
-19.0278	-8.04106
-17.7189	-6.45051
-15.8561	-9.42221
-13.777	-9.40791
-12.0109	-11.0133
-10.0902	-11.5331
-3.77122	-4.03543
-11.1978	-7.61647
-8.53335	-10.381
-8.61028	-10.6615
1.49796	-3.73731
-2.90912	-12.0856
0.0665928	-17.5223
-0.948767	-16.9918
-1.75171	-14.3383
-1.73835	-13.508
-2.03223	-11.7887
-2.48668	-10.1028
-11.8945	-2.75356
-9.25056	-2.09155
-8.86222	-3.60957
-8.22674	-2.35636
-8.87611	-2.17554
-10.0607	-2.71804
-11.7144	-2.44326
-11.338	-2.48439
-13.879	-3.90559
-16.6542	-5.13688
-16.4103	-4.96024
-9.09038	-2.10963
-5.06335	-2.58962
-4.06068	-10.7583
-11.4883	-7.34181
-15.6846	-5.6219
-13.0823	-7.21053
-10.6112	-11.3774
-7.72539	-14.1076
-5.02506	-13.3909
-4.48783	-7.16525
-0.518733	-6.33779
-4.82722	-7.59946
-6.04005	-10.7457
-5.621	-7.86547
-5.50991	-4.54043
-10.6294	-8.23151
-14.6781	-12.9277
-16.9355	-11.8002
-13.9371	-13.8599
-19.6315	-14.0472
-22.4073	-13.2835
-22.7139	-12.8646
-20.9975	-8.27515
-20.8544	-5.99267
-18.4335	-3.20158
-16.7077	-4.63538
-16.9653	-5.55746
-15.8098	-7.27434
-15.6957	-7.89217
-17.5399	-8.80598
-16.4042	-8.83495
-12.8628	-7.91937
-12.1098	-8.97047
-13.0147	-7.6837
-14.1189	-6.98115
-13.7424	-7.85948
-11.8949	-8.11221
-11.6955	-9.17295
-12.0994	-9.85019
-11.7727	-10.0201
-5.87706	-10.4236
-3.71498	-13.7331
-2.2295	-15.1146
-1.52424	-14.8218
0.804889	-14.5633
-1.2861	-14.6874
-2.63328	-17.8008
-5.72035	-22.8802
-7.8765	-23.2881
-10.0876	-23.2354
-7.85362	-23.0766
-9.13913	-26.948
-5.90256	-25.7384
-1.33997	-21.1931
1.61679	-19.4459
2.64645	-22.4234
1.76389	-21.9558
0.204516	-21.3335
-0.963415	-22.2667
-1.16719	-18.3493
0.059924	-18.3855
1.10623	-14.9091
-0.558592	-12.4245
0.386209	-13.5085
3.27899	-9.6602
3.28697	-11.5022
5.08698	-4.69104
9.48691	1.24111
11.2392	-0.533319
10.9139	-8.88158
10.765	-8.52746
5.38279	-4.47194
1.81855	-7.99547
-5.88527	-0.956806
-3.31605	-7.15344
-4.53616	-11.9191
-5.3747	-1.39662
-2.09015	-8.80376
-1.50499	-2.67793
-2.54314	-10.5197
1.97255	-3.04565
1.98944	-6.29149
-0.899967	-6.90293
-0.977255	-7.57261
-2.24308	-11.8037
-2.26023	-5.80405
-1.72173	-8.26746
-1.11491	-3.56143
-4.41116	-9.33754
-4.22291	-7.22156
-2.89524	-10.1971
-2.55467	-7.18902
-1.73352	-1.86655
2.75271	-6.62917
-2.59825	-2.82813
-2.33498	-5.18297
-2.34224	0.164335
-6.66366	-7.20426
-4.05509	-6.68457
-1.33741	-6.67393
-1.75611	-11.823
-3.89843	-8.34824
-1.6134	-10.7786
-4.28129	-15.0723
0.350276	-8.8982
-4.04139	-4.62403
0.760936	-7.71672
-6.05734	-6.85653
-1.22458	-10.5891
-2.78779	-5.13248
-5.10917	-8.19216
-2.34071	-4.43136
-7.48168	-7.554
-2.06127	-4.30544
-3.51537	-6.4994
-6.44394	-3.12824
-11.2183	-11.805
-21.9023	-2.96997
-20.905	-4.07546
-20.2007	-3.79617
-16.8833	-5.52746
-11.4112	-13.5131
-13.6426	-10.3404
-12.9377	-11.6588
-12.6982	-10.654
-12.7132	-8.18357
-5.9402	-9.40463
-1.28156	-13.1921
-2.64345	-14.4717
-3.01565	-14.6744
-1.56676	-13.9604
-2.65761	-12.6072
-11.7251	-12.2088
-15.635	-10.3069
-17.5981	-10.1725
-17.971	-10.0492
-17.9342	-5.70149
-12.4818	-5.07238
-4.92181	-6.43701
-5.56743	-2.5059
-10.0918	-3.65837
-17.5571	-5.44811
-16.7719	-8.73275
-15.4912	-9.24566
-12.1973	-11.1498
-12.2566	-12.7076
-7.47818	-6.23142
-3.64228	-5.43052
-4.23375	-3.49722
-5.85762	-1.40797
-6.68386	-3.41232
-8.98674	-10.6912
-7.5652	-11.5848
-10.512	-12.9796
-13.7404	-12.1094
-14.4228	-11.0348
-13.4156	-10.7529
-13.5765	-11.5224
-13.0698	-13.9288
-8.82163	-14.3565
-3.53442	-9.78181
-5.83858	-4.19545
-9.00354	-3.42932
-6.25819	-7.58114
-5.68346	-4.09075
-4.31919	-3.51501
-8.05454	-8.04891
-11.5041	-8.9633
-4.41505	1.58219
-7.60209	0.145958
-6.44642	-6.62758
-13.4368	-4.20638
-13.7712	0.562232
-15.6728	-3.22573
-12.3994	-5.16083
-21.6902	-2.25213
-19.2875	-15.1095
-19.874	-20.1125
-16.068	-20.293
-11.5475	-22.7965
-10.4092	-18.3979
-9.66018	-13.0866
-8.78563	-17.2475
-5.98193	-17.7879
-5.13906	-20.5674
-5.23004	-20.3566
0.633238	-16.8517
-7.25479	-21.5849
-7.10931	-22.0511
-7.48341	-24.7376
-6.9722	-23.9621
-5.87399	-25.2668
-3.75693	-25.4961
0.821506	-20.5192
0.833789	-22.3496
0.41848	-21.9149
-0.165455	-21.7396
0.754669	-21.7674
0.532014	-19.9098
-1.94003	-17.8665
-7.67986	-20.7493
-9.00978	-16.6604
-7.22078	-14.0132
-8.18571	-13.0787
-7.45614	-11.3743
-7.86226	-13.1587
-9.12438	-15.8421
-7.97846	-16.8002
-5.9069	-20.1115
1.03738	-15.1642
0.510035	-16.7475
-0.640581	-30.364
-0.790912	-29.0188
-3.38786	-29.5826
-4.29186	-28.873
-5.57571	-29.3064
-7.99784	-29.5647
-9.50743	-30.6885
-9.19008	-28.3922
-9.41788	-26.2746
-9.36326	-22.0299
-10.2208	-18.2272
-1.21237	-12.6847
-1.79895	-18.5619
-3.48492	-19.6004
-2.42634	-19.827
-0.639776	-18.0958
-0.0394672	-19.0555
1.61461	-18.3457
-5.13041	-19.306
-5.67628	-21.9473
-6.02598	-23.5607
-5.66582	-25.0018
-5.36836	-25.5515
-3.85556	-25.4136
-0.277969	-23.0286
2.31064	-12.3901
-5.55161	-7.95999
-7.54143	-2.85141
-2.69096	-5.23576
-8.21103	-5.6923
-14.7791	-5.12361
-9.7657	-2.98964
-10.7656	-1.66318
-7.88714	-1.60083
-3.31197	3.65664
-5.6978	-3.22351
-9.22652	-10.853
-7.2623	-5.4764
-5.56337	-4.45984
-10.5186	-2.72388
-15.8096	-2.34133
-18.305	-5.73412
-13.0176	-10.5812
-14.4344	-18.3748
-10.9167	-17.2502
-9.84424	-11.568
-4.28679	-12.7276
-3.35695	-13.8935
-1.98673	-13.6987
-7.81269	-14.4591
-12.2554	-7.7399
-12.574	-6.20528
-11.8716	-7.20306
-12.4496	-5.97475
-11.7027	-7.25968
-9.51695	-7.34862
-8.53798	-8.05078
-6.82608	-9.60371
-4.66507	-7.78523
-7.82153	-8.08424
-13.0464	-8.8277
-15.6505	-10.2095
-21.3373	-12.196
-21.1879	-13.8105
-20.9447	-15.3498
-20.2013	-18.8672
-20.9782	-18.0672
-20.3229	-17.5255
-20.1388	-14.7473
-19.0696	-12.6434
-18.6056	-10.3962
-17.8084	-10.3103
-16.0691	-8.04873
-11.0031	-7.12592
-9.02039	-6.15509
-8.92488	-8.42553
-10.0438	-8.3429
-11.8489	-10.7058
-13.3452	-10.3826
-11.9562	-9.76697
-11.5597	-10.4773
-11.4613	-7.54471
-11.8052	-5.55295
-10.4005	-3.88195
-11.3455	-1.94321
-8.93067	-1.34617
-9.08463	0.342645
-8.02822	3.0865
-9.5108	2.17508
-5.92373	-1.07107
3.09835	-1.93405
5.55146	-2.26777
6.05606	-2.11598
2.51493	0.691485
0.247711	-2.54451
-0.834289	-1.85164
-4.13553	-8.57675
-4.85409	-9.99547
-2.69015	-13.0587
-1.96248	-6.41004
-3.54237	-6.13031
-0.970151	-6.00947
-4.78188	-10.5449
-6.7195	-10.4808
-5.68315	-5.51
-5.71832	-3.3044
-8.69263	-10.0516
-7.41962	-7.87459
-4.84186	-9.95935
-4.12636	-6.58425
-5.61511	-4.43641
-5.88023	-3.23396
-5.97845	-10.9744
-7.39101	-10.1093
-2.79445	-2.27007
-3.24377	-7.90655
-8.14429	-10.709
-2.60516	-3.39876
-8.45248	-8.0063
-4.46879	-7.04558
1.5248	-8.96086
-3.14787	-7.72725
-7.58375	-4.64328
-7.12258	-7.25976
-3.12173	-7.87819
-5.21539	-7.05751
-5.7485	-8.95784
-4.28831	-8.3177
-6.59709	-6.87467
-2.5643	-8.24462
-3.90724	-3.05597
-4.0129	-2.4108
-7.05896	-8.8571
-3.06478	-4.09075
-9.50335	-9.33866
0.0199376	-2.36636
-6.18935	-5.27423
-4.64263	-7.33628
-4.76052	-10.1224
-5.24887	-12.8278
-7.72876	-10.5205
-9.10637	-9.9106
-17.6221	-18.3889
-19.0981	-18.3652
-23.4245	-17.4987
-21.7952	-18.4962
-20.1614	-21.0143
-18.7417	-19.5873
-16.438	-17.2638
-13.1758	-12.4051
-6.08129	-10.2309
-4.25929	-15.6093
-5.00009	-15.8817
-5.7433	-16.1142
-2.6319	-16.4062
-7.80254	-22.1969
-9.25296	-21.8653
-8.81391	-25.04
-9.54733	-25.8142
-11.7902	-28.0882
-12.0877	-27.7755
-11.2976	-30.6276
-8.31339	-30.5259
-2.90382	-23.6677
-1.04235	-24.2973
-2.4012	-23.8009
-2.71145	-23.1966
1.21098	-19.2126
1.32355	-18.9277
0.560073	-17.8819
-1.83782	-17.1126
-0.640987	-16.3504
-0.0791438	-15.4283
0.851556	-14.9239
1.62554	-15.313
-0.0419384	-13.9137
-0.838334	-11.7567
-17.2835	-9.42134
-15.7913	-7.23079
-14.5506	-7.55451
-15.5908	-10.1674
-14.3134	-12.6341
-11.4541	-8.8489
-7.3265	-13.4574
-9.65911	-4.8595
-8.17348	-4.99566
-5.78246	1.94736
-11.8012	0.92662
-4.36033	-4.66704
-8.5117	-10.5282
-9.83646	-8.81954
-6.46663	-5.43595
-11.8561	-8.48776
-6.70127	-11.5156
-8.01129	-13.9085
-8.92672	-14.2023
-5.12337	-12.7516
1.11127	-15.3637
-1.64946	-27.5427
-2.46958	-27.6155
-4.26035	-27.825
-4.51622	-26.3699
-5.05647	-23.0133
-7.02981	-20.796
-9.35725	-17.6185
-8.02007	-17.5571
-5.49221	-18.1725
-2.78507	-13.0035
-3.80757	-14.2742
-4.8688	-15.4964
-5.08983	-13.2161
-8.55299	-10.7668
-5.37976	-8.13863
-6.31874	-9.58335
-8.1763	-10.6554
-6.16926	-13.9212
-6.45903	-11.4913
-8.02022	-11.4213
-9.25515	-11.3229
-8.16645	-11.487
-4.01397	-12.1564
-15.3474	-16.6988
-14.963	-17.426
-14.441	-20.3802
-15.2965	-18.63
-15.365	-19.1927
-15.698	-18.5227
-15.0111	-16.0233
-13.8631	-14.1611
-7.76117	-12.9474
-5.03086	-14.396
-6.16869	-15.7982
-6.44651	-15.0768
-2.67922	-14.3972
-10.1062	-14.6833
-9.92012	-12.5198
-11.1024	-11.3144
-12.5436	-7.94521
-13.6904	-6.72237
-17.6107	-8.18642
-16.2809	-8.79851
-4.52221	-3.55907
-7.86712	0.25873
-4.04524	-2.74493
-9.99816	0.0489891
-9.31995	-3.07657
-16.3082	-11.6729
-21.9413	-12.1266
-24.6028	-14.1112
-22.8745	-13.476
-20.9582	-10.4126
-5.44938	-9.86667
-7.04218	-12.8336
-6.51187	-9.98452
-6.59222	-9.65023
-6.53629	-10.8992
-4.9599	-10.6947
-6.33733	-11.7217
-5.63718	-10.8051
-2.39747	-12.1841
-1.05071	-7.19055
-11.3353	-12.6674
-24.058	-15.4689
-25.2217	-14.285
-23.7648	-14.1919
-23.116	-12.6923
-20.964	-11.0893
-18.7145	-10.0556
-17.3088	-10.3636
-12.277	-13.0548
-6.2901	-15.4333
-3.63019	-10.5285
-4.14279	-15.3091
-6.4017	-18.9726
-4.54006	-18.7829
-12.1792	-14.8135
-11.221	-12.3412
-11.3817	-11.5017
-13.7799	-11.3999
-13.9997	-14.1603
-11.5794	-15.5338
-9.53038	-17.4903
-2.26952	-11.7903
-1.59728	-8.98014
-7.39612	-7.14386
-9.13779	-9.39323
-11.4725	-12.7125
-8.35395	-12.5678
-11.5071	-10.9282
-10.4373	-2.34645
-9.94355	4.23467
-9.33149	5.31791
-12.7309	0.0192225
-15.9679	-10.5661
-15.4533	-8.31052
-15.2491	-8.38558
-15.3973	-6.55911
-15.2517	-8.31892
-14.032	-8.46949
-12.3804	-11.2815
-8.73374	-5.39889
-11.9834	1.14218
-15.5648	-1.11893
-10.7343	3.43646
-14.3155	1.69183
-8.70407	-0.865875
-11.5078	-3.78983
-16.2578	-2.00749
-15.6669	-2.16605
-10.2072	-9.98455
-7.57062	-11.4218
-8.19338	-13.9505
-16.3424	-11.5421
-18.6984	-13.5795
-16.6615	-12.9108
-15.9287	-10.4747
-9.76784	-13.9625
-4.56196	-18.8279
-4.05165	-17.9453
-3.46912	-17.0076
-3.32737	-17.1957
-10.4455	-15.1039
-9.56974	-14.1341
-9.64595	-16.2888
-8.09457	-15.6474
-1.65814	-14.877
-1.10672	-15.8882
0.589237	-13.9715
-0.58399	-15.9082
1.08857	-16.0531
-0.410171	-15.9015
-0.238732	-16.6379
-3.59967	-19.78
-6.98567	-22.7942
-7.70856	-23.2707
-6.90864	-22.2682
-3.68184	-19.5624
-0.628728	-13.9973
3.30382	-14.5924
3.20809	-12.2854
2.47443	-8.61561
3.84418	-12.5711
5.28583	-5.88471
3.30723	-7.86736
-0.590378	-3.77667
-1.13179	-6.03754
-5.206	-7.94604
1.2732	-16.6275
-0.91546	-22.1907
-5.40598	-22.4093
-7.26235	-22.0783
-9.80677	-17.7327
-7.4874	-13.8852
-7.93597	-11.4262
-6.84631	-11.5554
-6.99237	-11.2224
-7.80206	-11.0486
-4.62538	-12.3499
-7.59514	-10.4371
-10.2758	-9.4308
-11.5998	-8.26834
-11.6146	-8.41345
-11.5663	-9.39407
-12.5012	-9.37022
-13.0225	-10.2027
-10.8069	-9.0687
-5.59224	-4.68608
-5.25602	-2.9123
-6.14721	-8.25584
-6.48041	-5.58092
-9.58013	-10.4692
-11.2709	-12.1604
-11.2977	-13.5331
-8.92034	-13.8215
-7.88807	-9.59707
-6.80999	-3.83857
-4.71361	-3.37943
-8.77211	-9.40235
-4.33195	-11.7517
-2.57448	-5.97836
-8.8572	-6.0644
-5.93917	-11.9126
-8.4269	-10.6354
-9.34047	-14.3529
-3.49603	-16.893
0.900883	-21.7793
-5.39736	-23.059
-6.42614	-24.9524
-5.53885	-24.5881
-2.81645	-23.2049
-3.83277	-20.1341
-5.02891	-18.5123
-5.40082	-17.3674
-6.63053	-13.7103
-4.13256	-14.9487
-3.57029	-14.0311
1.3452	-11.6577
-10.0038	-14.1416
-16.6612	-18.8472
-8.72704	-17.3291
-20.4664	-20.3609
-16.7898	-16.2654
-18.2303	-12.9693
-13.3199	-9.303
-10.7698	-6.74695
-11.4986	-7.51874
-10.9786	-4.49873
-9.9203	-6.37905
-7.23439	-9.67547
-3.77228	-14.6215
-3.89162	-16.4391
-4.17522	-16.1706
-4.90285	-12.7792
-4.92721	-10.1866
-2.29834	-2.74297
-2.37558	-4.09981
-2.51984	-8.51171
-6.04562	-12.8759
-14.4219	-7.9638
-15.3537	-7.48336
-14.1263	-6.70849
-15.4015	-7.52121
-15.9468	-7.3507
-16.4717	-6.7812
-16.1796	-6.21952
-15.3132	-6.82657
-13.8621	-6.86512
-14.6377	-4.62058
-16.5412	-9.09263
-19.5815	-8.5422
-18.2286	-10.171
-18.859	-4.9942
-20.8809	-4.0036
-18.964	-3.95963
-17.955	-4.63458
-18.953	-5.7148
-19.6478	-4.81273
-19.9308	-7.05637
-20.9723	-8.4466
-20.6573	-9.8393
-18.0961	-10.8842
-19.8587	-11.2207
-19.3717	-8.51395
-18.8621	-10.1973
-17.4646	-11.5012
-22.9742	-4.62627
-20.6646	-5.63501
-18.1667	-5.25308
-18.3328	-2.64809
-18.3749	-4.76727
-17.3728	-4.26968
-16.1579	-5.33834
-16.822	-5.95326
-15.0839	-8.04759
-14.3122	-10.9164
-13.9246	-11.7482
-4.72707	-4.29733
-9.98117	-3.05795
-9.31358	-4.92762
-14.7102	-3.60444
-12.4257	-2.90263
-5.38911	-0.00356738
-5.77731	-0.620303
-10.9088	-5.8
-10.0169	-4.45553
-10.1922	1.78931
-13.3801	-2.78286
-10.6133	-4.72523
-10.4554	2.94273
-9.28324	-3.65385
-15.5267	-0.0366732
-13.7191	-1.9403
-9.24194	-2.52347
-11.041	-5.92901
-8.69535	-2.62073
-10.6713	-0.125465
-10.0842	-3.15731
-5.15768	-1.43486
-8.22659	-7.75208
-6.18465	-0.795813
-5.90853	-2.75142
-5.51784	-1.35424
-8.73407	-0.450252
-10.0658	0.30202
-9.50235	-3.97331
-11.0235	-5.46423
-8.31871	-3.15722
-6.00896	2.64746
-10.611	2.22597
-10.201	-3.43946
-13.787	-0.781086
-9.68404	-1.38044
-12.0374	-0.728462
-9.29913	0.815124
-5.66249	-7.54432
-6.04135	1.6853
-5.76629	-0.813407
-5.2696	0.637027
-3.28279	-4.08085
-6.16246	-2.71545
-6.09346	-4.66797
-2.78771	-6.09265
-2.4667	-6.04664
-5.13904	-3.42276
-5.01618	-6.27922
-4.51766	-7.74126
-2.52247	-7.36715
-5.25462	-7.38464
-4.19756	-9.80817
-6.10987	-6.41389
-3.09822	-5.12528
-2.0585	-12.0398
-1.50974	-5.66242
